---LISTCI---
graphs/bif/md/alarm.txt
37 46 46 0 36 0:00:00.286097 1 34 44 43 1 34 0:00:00.186667 2 28 37 36 1 28 0:00:00.114001 2 20 29 21 8 33 0:00:00.116460 5 12 14 10 4 16 0:00:00.030257 4 6 5 4 1 6 0:00:00.005622 2 3 0 0 0 2 0:00:00.001281 1 1 0 0 0 0 0:00:00.000283 1 1 0 0 0 0 0:00:00.000270 1 1 0 0 0 0 0:00:00.000322 1
1 0 0 0 0 0:00:00.000273 1 1 0 0 0 0 0:00:00.000266 1 1 0 0 0 0 0:00:00.000268 1 1 0 0 0 0 0:00:00.000271 1 1 0 0 0 0 0:00:00.000273 1 1 0 0 0 0 0:00:00.000274 1 1 0 0 0 0 0:00:00.000316 1 1 0 0 0 0 0:00:00.000266 1 1 0 0 0 0 0:00:00.000264 1 1 0 0 0 0 0:00:00.000263 1
1 0 0 0 0 0:00:00.000267 1 1 0 0 0 0 0:00:00.000272 1 1 0 0 0 0 0:00:00.000272 1 1 0 0 0 0 0:00:00.000313 1 1 0 0 0 0 0:00:00.000261 1 1 0 0 0 0 0:00:00.000270 1 1 0 0 0 0 0:00:00.000264 1 1 0 0 0 0 0:00:00.000271 1 1 0 0 0 0 0:00:00.000269 1 1 0 0 0 0 0:00:00.000274 1
1 0 0 0 0 0:00:00.000314 1 1 0 0 0 0 0:00:00.000269 1 1 0 0 0 0 0:00:00.000265 1 1 0 0 0 0 0:00:00.000266 1 1 0 0 0 0 0:00:00.000265 1 1 0 0 0 0 0:00:00.000268 1 1 0 0 0 0 0:00:00.000268 1 1 0 0 0 0 0:00:00.000312 1 1 0 0 0 0 0:00:00.000269 1 1 0 0 0 0 0:00:00.000263 1
1 0 0 0 0 0:00:00.000264 1 1 0 0 0 0 0:00:00.000265 1 1 0 0 0 0 0:00:00.000264 1 1 0 0 0 0 0:00:00.000271 1 1 0 0 0 0 0:00:00.000316 1 1 0 0 0 0 0:00:00.000268 1 1 0 0 0 0 0:00:00.000273 1 1 0 0 0 0 0:00:00.000270 1 1 0 0 0 0 0:00:00.000269 1 1 0 0 0 0 0:00:00.000270 1
1 0 0 0 0 0:00:00.000268 1 1 0 0 0 0 0:00:00.000310 1 1 0 0 0 0 0:00:00.000267 1 1 0 0 0 0 0:00:00.000262 1 1 0 0 0 0 0:00:00.000266 1 1 0 0 0 0 0:00:00.000272 1 1 0 0 0 0 0:00:00.000274 1 1 0 0 0 0 0:00:00.000275 1 1 0 0 0 0 0:00:00.000314 1 1 0 0 0 0 0:00:00.000269 1
1 0 0 0 0 0:00:00.000270 1 1 0 0 0 0 0:00:00.000266 1 1 0 0 0 0 0:00:00.000270 1 1 0 0 0 0 0:00:00.000271 1 1 0 0 0 0 0:00:00.000269 1 1 0 0 0 0 0:00:00.000385 1 1 0 0 0 0 0:00:00.000268 1 1 0 0 0 0 0:00:00.000266 1 1 0 0 0 0 0:00:00.000266 1 1 0 0 0 0 0:00:00.000265 1
1 0 0 0 0 0:00:00.000268 1 1 0 0 0 0 0:00:00.000268 1 1 0 0 0 0 0:00:00.000308 1 1 0 0 0 0 0:00:00.000265 1 1 0 0 0 0 0:00:00.000267 1 1 0 0 0 0 0:00:00.000267 1 1 0 0 0 0 0:00:00.000270 1 1 0 0 0 0 0:00:00.000264 1 1 0 0 0 0 0:00:00.000267 1 1 0 0 0 0 0:00:00.000308 1
1 0 0 0 0 0:00:00.000265 1 1 0 0 0 0 0:00:00.000268 1 1 0 0 0 0 0:00:00.000265 1 1 0 0 0 0 0:00:00.000268 1 1 0 0 0 0 0:00:00.000263 1 1 0 0 0 0 0:00:00.000268 1 1 0 0 0 0 0:00:00.000315 1 1 0 0 0 0 0:00:00.000269 1 1 0 0 0 0 0:00:00.000270 1 1 0 0 0 0 0:00:00.000266 1
1 0 0 0 0 0:00:00.000263 1 1 0 0 0 0 0:00:00.000269 1 1 0 0 0 0 0:00:00.000266 1 1 0 0 0 0 0:00:00.000317 1 1 0 0 0 0 0:00:00.000266 1 1 0 0 0 0 0:00:00.000265 1 1 0 0 0 0 0:00:00.000270 1 1 0 0 0 0 0:00:00.000266 1 1 0 0 0 0 0:00:00.000270 1 1 0 0 0 0 0:00:00.000277 1


graphs/bif/md/barley.txt
48 84 84 0 47 0:00:00.890567 1 44 79 78 1 44 0:00:00.670608 2 36 87 73 14 66 0:00:00.673343 5 26 94 57 37 80 0:00:00.632955 8 16 62 33 29 14 0:00:00.046045 10 8 14 9 5 6 0:00:00.008029 5 4 0 0 0 3 0:00:00.002008 1 2 0 0 0 1 0:00:00.000719 1 1 0 0 0 0 0:00:00.000271 1 1 0 0 0 0 0:00:00.000269 1
1 0 0 0 0 0:00:00.000315 1 1 0 0 0 0 0:00:00.000264 1 1 0 0 0 0 0:00:00.000264 1 1 0 0 0 0 0:00:00.000267 1 1 0 0 0 0 0:00:00.000268 1 1 0 0 0 0 0:00:00.000267 1 1 0 0 0 0 0:00:00.000267 1 1 0 0 0 0 0:00:00.000312 1 1 0 0 0 0 0:00:00.000265 1 1 0 0 0 0 0:00:00.000266 1
1 0 0 0 0 0:00:00.000268 1 1 0 0 0 0 0:00:00.000263 1 1 0 0 0 0 0:00:00.000264 1 1 0 0 0 0 0:00:00.000263 1 1 0 0 0 0 0:00:00.000305 1 1 0 0 0 0 0:00:00.000268 1 1 0 0 0 0 0:00:00.000263 1 1 0 0 0 0 0:00:00.000264 1 1 0 0 0 0 0:00:00.000265 1 1 0 0 0 0 0:00:00.000266 1
1 0 0 0 0 0:00:00.000262 1 1 0 0 0 0 0:00:00.000311 1 1 0 0 0 0 0:00:00.000264 1 1 0 0 0 0 0:00:00.000263 1 1 0 0 0 0 0:00:00.000263 1 1 0 0 0 0 0:00:00.000264 1 1 0 0 0 0 0:00:00.000265 1 1 0 0 0 0 0:00:00.000265 1 1 0 0 0 0 0:00:00.000310 1 1 0 0 0 0 0:00:00.000264 1
1 0 0 0 0 0:00:00.000261 1 1 0 0 0 0 0:00:00.000270 1 1 0 0 0 0 0:00:00.000268 1 1 0 0 0 0 0:00:00.000265 1 1 0 0 0 0 0:00:00.000262 1 1 0 0 0 0 0:00:00.000313 1 1 0 0 0 0 0:00:00.000266 1 1 0 0 0 0 0:00:00.000270 1 1 0 0 0 0 0:00:00.000265 1 1 0 0 0 0 0:00:00.000317 1
1 0 0 0 0 0:00:00.000264 1 1 0 0 0 0 0:00:00.000271 1 1 0 0 0 0 0:00:00.000313 1 1 0 0 0 0 0:00:00.000264 1 1 0 0 0 0 0:00:00.000263 1 1 0 0 0 0 0:00:00.000266 1 1 0 0 0 0 0:00:00.000264 1 1 0 0 0 0 0:00:00.000268 1 1 0 0 0 0 0:00:00.000273 1 1 0 0 0 0 0:00:00.000319 1
1 0 0 0 0 0:00:00.000273 1 1 0 0 0 0 0:00:00.000270 1 1 0 0 0 0 0:00:00.000270 1 1 0 0 0 0 0:00:00.000269 1 1 0 0 0 0 0:00:00.000268 1 1 0 0 0 0 0:00:00.000275 1 1 0 0 0 0 0:00:00.000317 1 1 0 0 0 0 0:00:00.000271 1 1 0 0 0 0 0:00:00.000267 1 1 0 0 0 0 0:00:00.000273 1
1 0 0 0 0 0:00:00.000271 1 1 0 0 0 0 0:00:00.000267 1 1 0 0 0 0 0:00:00.000273 1 1 0 0 0 0 0:00:00.000370 1 1 0 0 0 0 0:00:00.000269 1 1 0 0 0 0 0:00:00.000265 1 1 0 0 0 0 0:00:00.000265 1 1 0 0 0 0 0:00:00.000267 1 1 0 0 0 0 0:00:00.000261 1 1 0 0 0 0 0:00:00.000265 1
1 0 0 0 0 0:00:00.000304 1 1 0 0 0 0 0:00:00.000261 1 1 0 0 0 0 0:00:00.000264 1 1 0 0 0 0 0:00:00.000265 1 1 0 0 0 0 0:00:00.000267 1 1 0 0 0 0 0:00:00.000266 1 1 0 0 0 0 0:00:00.000263 1 1 0 0 0 0 0:00:00.000306 1 1 0 0 0 0 0:00:00.000267 1 1 0 0 0 0 0:00:00.000264 1
1 0 0 0 0 0:00:00.000266 1 1 0 0 0 0 0:00:00.000270 1 1 0 0 0 0 0:00:00.000264 1 1 0 0 0 0 0:00:00.000260 1 1 0 0 0 0 0:00:00.000307 1 1 0 0 0 0 0:00:00.000261 1 1 0 0 0 0 0:00:00.000266 1 1 0 0 0 0 0:00:00.000260 1 1 0 0 0 0 0:00:00.000267 1 1 0 0 0 0 0:00:00.000263 1


graphs/bif/md/child.txt
20 25 25 0 18 0:00:00.051704 1 18 23 23 0 16 0:00:00.040612 1 15 20 19 1 14 0:00:00.030503 2 11 30 9 21 58 0:00:00.389363 7 7 23 2 21 0 0:00:00.016820 7 4 7 1 6 0 0:00:00.003438 4 2 1 0 1 0 0:00:00.000820 2 1 0 0 0 0 0:00:00.000276 1 1 0 0 0 0 0:00:00.000271 1 1 0 0 0 0 0:00:00.000279 1
1 0 0 0 0 0:00:00.000329 1 1 0 0 0 0 0:00:00.000270 1 1 0 0 0 0 0:00:00.000266 1 1 0 0 0 0 0:00:00.000267 1 1 0 0 0 0 0:00:00.000276 1 1 0 0 0 0 0:00:00.000273 1 1 0 0 0 0 0:00:00.000264 1 1 0 0 0 0 0:00:00.000315 1 1 0 0 0 0 0:00:00.000265 1 1 0 0 0 0 0:00:00.000264 1
1 0 0 0 0 0:00:00.000264 1 1 0 0 0 0 0:00:00.000262 1 1 0 0 0 0 0:00:00.000268 1 1 0 0 0 0 0:00:00.000269 1 1 0 0 0 0 0:00:00.000313 1 1 0 0 0 0 0:00:00.000266 1 1 0 0 0 0 0:00:00.000265 1 1 0 0 0 0 0:00:00.000262 1 1 0 0 0 0 0:00:00.000265 1 1 0 0 0 0 0:00:00.000267 1
1 0 0 0 0 0:00:00.000265 1 1 0 0 0 0 0:00:00.000321 1 1 0 0 0 0 0:00:00.000270 1 1 0 0 0 0 0:00:00.000267 1 1 0 0 0 0 0:00:00.000272 1 1 0 0 0 0 0:00:00.000269 1 1 0 0 0 0 0:00:00.000269 1 1 0 0 0 0 0:00:00.000269 1 1 0 0 0 0 0:00:00.000311 1 1 0 0 0 0 0:00:00.000266 1
1 0 0 0 0 0:00:00.000269 1 1 0 0 0 0 0:00:00.000272 1 1 0 0 0 0 0:00:00.000266 1 1 0 0 0 0 0:00:00.000268 1 1 0 0 0 0 0:00:00.000269 1 1 0 0 0 0 0:00:00.000315 1 1 0 0 0 0 0:00:00.000267 1 1 0 0 0 0 0:00:00.000267 1 1 0 0 0 0 0:00:00.000267 1 1 0 0 0 0 0:00:00.000267 1
1 0 0 0 0 0:00:00.000267 1 1 0 0 0 0 0:00:00.000272 1 1 0 0 0 0 0:00:00.000313 1 1 0 0 0 0 0:00:00.000268 1 1 0 0 0 0 0:00:00.000268 1 1 0 0 0 0 0:00:00.000267 1 1 0 0 0 0 0:00:00.000266 1 1 0 0 0 0 0:00:00.000269 1 1 0 0 0 0 0:00:00.000269 1 1 0 0 0 0 0:00:00.000313 1
1 0 0 0 0 0:00:00.000270 1 1 0 0 0 0 0:00:00.000267 1 1 0 0 0 0 0:00:00.000274 1 1 0 0 0 0 0:00:00.000263 1 1 0 0 0 0 0:00:00.000272 1 1 0 0 0 0 0:00:00.000267 1 1 0 0 0 0 0:00:00.000318 1 1 0 0 0 0 0:00:00.000269 1 1 0 0 0 0 0:00:00.000264 1 1 0 0 0 0 0:00:00.000263 1
1 0 0 0 0 0:00:00.000262 1 1 0 0 0 0 0:00:00.000272 1 1 0 0 0 0 0:00:00.000273 1 1 0 0 0 0 0:00:00.000384 1 1 0 0 0 0 0:00:00.000268 1 1 0 0 0 0 0:00:00.000271 1 1 0 0 0 0 0:00:00.000267 1 1 0 0 0 0 0:00:00.000271 1 1 0 0 0 0 0:00:00.000264 1 1 0 0 0 0 0:00:00.000276 1
1 0 0 0 0 0:00:00.000315 1 1 0 0 0 0 0:00:00.000265 1 1 0 0 0 0 0:00:00.000266 1 1 0 0 0 0 0:00:00.000266 1 1 0 0 0 0 0:00:00.000265 1 1 0 0 0 0 0:00:00.000266 1 1 0 0 0 0 0:00:00.000270 1 1 0 0 0 0 0:00:00.000322 1 1 0 0 0 0 0:00:00.000269 1 1 0 0 0 0 0:00:00.000267 1
1 0 0 0 0 0:00:00.000262 1 1 0 0 0 0 0:00:00.000264 1 1 0 0 0 0 0:00:00.000264 1 1 0 0 0 0 0:00:00.000271 1 1 0 0 0 0 0:00:00.000320 1 1 0 0 0 0 0:00:00.000270 1 1 0 0 0 0 0:00:00.000264 1 1 0 0 0 0 0:00:00.000270 1 1 0 0 0 0 0:00:00.000264 1 1 0 0 0 0 0:00:00.000265 1


graphs/bif/md/insurance.txt
27 52 52 0 26 0:00:00.218350 1 25 62 56 6 35 0:00:00.390582 4 20 71 40 31 206 0:00:01.107779 8 14 76 30 46 142 0:00:01.005171 11 9 34 13 21 24 0:00:00.053425 7 5 9 3 6 7 0:00:00.010528 4 2 1 0 1 0 0:00:00.000862 2 1 0 0 0 0 0:00:00.000289 1 1 0 0 0 0 0:00:00.000282 1 1 0 0 0 0 0:00:00.000275 1
1 0 0 0 0 0:00:00.000348 1 1 0 0 0 0 0:00:00.000283 1 1 0 0 0 0 0:00:00.000286 1 1 0 0 0 0 0:00:00.000282 1 1 0 0 0 0 0:00:00.000280 1 1 0 0 0 0 0:00:00.000277 1 1 0 0 0 0 0:00:00.000273 1 1 0 0 0 0 0:00:00.000329 1 1 0 0 0 0 0:00:00.000280 1 1 0 0 0 0 0:00:00.000279 1
1 0 0 0 0 0:00:00.000277 1 1 0 0 0 0 0:00:00.000278 1 1 0 0 0 0 0:00:00.000273 1 1 0 0 0 0 0:00:00.000271 1 1 0 0 0 0 0:00:00.000321 1 1 0 0 0 0 0:00:00.000280 1 1 0 0 0 0 0:00:00.000282 1 1 0 0 0 0 0:00:00.000278 1 1 0 0 0 0 0:00:00.000277 1 1 0 0 0 0 0:00:00.000267 1
1 0 0 0 0 0:00:00.000272 1 1 0 0 0 0 0:00:00.000317 1 1 0 0 0 0 0:00:00.000275 1 1 0 0 0 0 0:00:00.000277 1 1 0 0 0 0 0:00:00.000277 1 1 0 0 0 0 0:00:00.000278 1 1 0 0 0 0 0:00:00.000274 1 1 0 0 0 0 0:00:00.000271 1 1 0 0 0 0 0:00:00.000322 1 1 0 0 0 0 0:00:00.000279 1
1 0 0 0 0 0:00:00.000282 1 1 0 0 0 0 0:00:00.000278 1 1 0 0 0 0 0:00:00.000278 1 1 0 0 0 0 0:00:00.000273 1 1 0 0 0 0 0:00:00.000268 1 1 0 0 0 0 0:00:00.000321 1 1 0 0 0 0 0:00:00.000279 1 1 0 0 0 0 0:00:00.000283 1 1 0 0 0 0 0:00:00.000275 1 1 0 0 0 0 0:00:00.000276 1
1 0 0 0 0 0:00:00.000275 1 1 0 0 0 0 0:00:00.000272 1 1 0 0 0 0 0:00:00.000441 1 1 0 0 0 0 0:00:00.000279 1 1 0 0 0 0 0:00:00.000271 1 1 0 0 0 0 0:00:00.000281 1 1 0 0 0 0 0:00:00.000277 1 1 0 0 0 0 0:00:00.000278 1 1 0 0 0 0 0:00:00.000278 1 1 0 0 0 0 0:00:00.000325 1
1 0 0 0 0 0:00:00.000274 1 1 0 0 0 0 0:00:00.000269 1 1 0 0 0 0 0:00:00.000277 1 1 0 0 0 0 0:00:00.000275 1 1 0 0 0 0 0:00:00.000273 1 1 0 0 0 0 0:00:00.000273 1 1 0 0 0 0 0:00:00.000319 1 1 0 0 0 0 0:00:00.000269 1 1 0 0 0 0 0:00:00.000268 1 1 0 0 0 0 0:00:00.000276 1
1 0 0 0 0 0:00:00.000270 1 1 0 0 0 0 0:00:00.000276 1 1 0 0 0 0 0:00:00.000278 1 1 0 0 0 0 0:00:00.000328 1 1 0 0 0 0 0:00:00.000271 1 1 0 0 0 0 0:00:00.000272 1 1 0 0 0 0 0:00:00.000278 1 1 0 0 0 0 0:00:00.000277 1 1 0 0 0 0 0:00:00.000280 1 1 0 0 0 0 0:00:00.000279 1
1 0 0 0 0 0:00:00.000324 1 1 0 0 0 0 0:00:00.000273 1 1 0 0 0 0 0:00:00.000272 1 1 0 0 0 0 0:00:00.000277 1 1 0 0 0 0 0:00:00.000276 1 1 0 0 0 0 0:00:00.000279 1 1 0 0 0 0 0:00:00.000274 1 1 0 0 0 0 0:00:00.000320 1 1 0 0 0 0 0:00:00.000274 1 1 0 0 0 0 0:00:00.000271 1
1 0 0 0 0 0:00:00.000275 1 1 0 0 0 0 0:00:00.000271 1 1 0 0 0 0 0:00:00.000280 1 1 0 0 0 0 0:00:00.000273 1 1 0 0 0 0 0:00:00.000321 1 1 0 0 0 0 0:00:00.000276 1 1 0 0 0 0 0:00:00.000270 1 1 0 0 0 0 0:00:00.000281 1 1 0 0 0 0 0:00:00.000283 1 1 0 0 0 0 0:00:00.000273 1


graphs/bif/md/mildew.txt
35 46 46 0 34 0:00:00.365082 1 32 43 43 0 31 0:00:00.205260 1 26 42 38 4 28 0:00:00.110465 3 19 43 31 12 23 0:00:00.070144 5 12 27 19 8 15 0:00:00.029671 4 6 9 6 3 4 0:00:00.006427 3 3 2 1 1 1 0:00:00.001736 2 1 0 0 0 0 0:00:00.000288 1 1 0 0 0 0 0:00:00.000277 1 1 0 0 0 0 0:00:00.000270 1
1 0 0 0 0 0:00:00.000269 1 1 0 0 0 0 0:00:00.000272 1 1 0 0 0 0 0:00:00.000321 1 1 0 0 0 0 0:00:00.000268 1 1 0 0 0 0 0:00:00.000271 1 1 0 0 0 0 0:00:00.000267 1 1 0 0 0 0 0:00:00.000271 1 1 0 0 0 0 0:00:00.000267 1 1 0 0 0 0 0:00:00.000270 1 1 0 0 0 0 0:00:00.000324 1
1 0 0 0 0 0:00:00.000275 1 1 0 0 0 0 0:00:00.000267 1 1 0 0 0 0 0:00:00.000270 1 1 0 0 0 0 0:00:00.000262 1 1 0 0 0 0 0:00:00.000264 1 1 0 0 0 0 0:00:00.000270 1 1 0 0 0 0 0:00:00.000319 1 1 0 0 0 0 0:00:00.000264 1 1 0 0 0 0 0:00:00.000275 1 1 0 0 0 0 0:00:00.000264 1
1 0 0 0 0 0:00:00.000268 1 1 0 0 0 0 0:00:00.000266 1 1 0 0 0 0 0:00:00.000269 1 1 0 0 0 0 0:00:00.000308 1 1 0 0 0 0 0:00:00.000265 1 1 0 0 0 0 0:00:00.000273 1 1 0 0 0 0 0:00:00.000271 1 1 0 0 0 0 0:00:00.000261 1 1 0 0 0 0 0:00:00.000273 1 1 0 0 0 0 0:00:00.000264 1
1 0 0 0 0 0:00:00.000316 1 1 0 0 0 0 0:00:00.000265 1 1 0 0 0 0 0:00:00.000275 1 1 0 0 0 0 0:00:00.000270 1 1 0 0 0 0 0:00:00.000269 1 1 0 0 0 0 0:00:00.000268 1 1 0 0 0 0 0:00:00.000274 1 1 0 0 0 0 0:00:00.000320 1 1 0 0 0 0 0:00:00.000272 1 1 0 0 0 0 0:00:00.000269 1
1 0 0 0 0 0:00:00.000269 1 1 0 0 0 0 0:00:00.000268 1 1 0 0 0 0 0:00:00.000269 1 1 0 0 0 0 0:00:00.000269 1 1 0 0 0 0 0:00:00.000315 1 1 0 0 0 0 0:00:00.000265 1 1 0 0 0 0 0:00:00.000271 1 1 0 0 0 0 0:00:00.000266 1 1 0 0 0 0 0:00:00.000266 1 1 0 0 0 0 0:00:00.000267 1
1 0 0 0 0 0:00:00.000271 1 1 0 0 0 0 0:00:00.000316 1 1 0 0 0 0 0:00:00.000266 1 1 0 0 0 0 0:00:00.000272 1 1 0 0 0 0 0:00:00.000273 1 1 0 0 0 0 0:00:00.000267 1 1 0 0 0 0 0:00:00.000263 1 1 0 0 0 0 0:00:00.000273 1 1 0 0 0 0 0:00:00.000315 1 1 0 0 0 0 0:00:00.000265 1
1 0 0 0 0 0:00:00.000271 1 1 0 0 0 0 0:00:00.000267 1 1 0 0 0 0 0:00:00.000266 1 1 0 0 0 0 0:00:00.000267 1 1 0 0 0 0 0:00:00.000275 1 1 0 0 0 0 0:00:00.000324 1 1 0 0 0 0 0:00:00.000271 1 1 0 0 0 0 0:00:00.000271 1 1 0 0 0 0 0:00:00.000269 1 1 0 0 0 0 0:00:00.000264 1
1 0 0 0 0 0:00:00.000266 1 1 0 0 0 0 0:00:00.000269 1 1 0 0 0 0 0:00:00.000316 1 1 0 0 0 0 0:00:00.000264 1 1 0 0 0 0 0:00:00.000269 1 1 0 0 0 0 0:00:00.000267 1 1 0 0 0 0 0:00:00.000266 1 1 0 0 0 0 0:00:00.000269 1 1 0 0 0 0 0:00:00.000274 1 1 0 0 0 0 0:00:00.000364 1
1 0 0 0 0 0:00:00.000276 1 1 0 0 0 0 0:00:00.000264 1 1 0 0 0 0 0:00:00.000266 1 1 0 0 0 0 0:00:00.000264 1 1 0 0 0 0 0:00:00.000261 1 1 0 0 0 0 0:00:00.000269 1 1 0 0 0 0 0:00:00.000308 1 1 0 0 0 0 0:00:00.000262 1 1 0 0 0 0 0:00:00.000273 1 1 0 0 0 0 0:00:00.000267 1


graphs/bif/md/water.txt
32 66 66 0 31 0:00:00.169022 1 29 66 63 3 32 0:00:00.290667 3 24 62 51 11 47 0:00:00.309293 6 17 73 40 33 56 0:00:00.829399 10 11 46 21 25 12 0:00:00.050379 8 6 14 4 10 4 0:00:00.011936 5 3 2 1 1 1 0:00:00.002199 2 1 0 0 0 0 0:00:00.000280 1 1 0 0 0 0 0:00:00.000319 1 1 0 0 0 0 0:00:00.000271 1
1 0 0 0 0 0:00:00.000267 1 1 0 0 0 0 0:00:00.000269 1 1 0 0 0 0 0:00:00.000270 1 1 0 0 0 0 0:00:00.000264 1 1 0 0 0 0 0:00:00.000266 1 1 0 0 0 0 0:00:00.000324 1 1 0 0 0 0 0:00:00.000271 1 1 0 0 0 0 0:00:00.000273 1 1 0 0 0 0 0:00:00.000265 1 1 0 0 0 0 0:00:00.000266 1
1 0 0 0 0 0:00:00.000267 1 1 0 0 0 0 0:00:00.000276 1 1 0 0 0 0 0:00:00.000326 1 1 0 0 0 0 0:00:00.000262 1 1 0 0 0 0 0:00:00.000268 1 1 0 0 0 0 0:00:00.000267 1 1 0 0 0 0 0:00:00.000270 1 1 0 0 0 0 0:00:00.000270 1 1 0 0 0 0 0:00:00.000270 1 1 0 0 0 0 0:00:00.000315 1
1 0 0 0 0 0:00:00.000269 1 1 0 0 0 0 0:00:00.000260 1 1 0 0 0 0 0:00:00.000266 1 1 0 0 0 0 0:00:00.000269 1 1 0 0 0 0 0:00:00.000272 1 1 0 0 0 0 0:00:00.000271 1 1 0 0 0 0 0:00:00.000325 1 1 0 0 0 0 0:00:00.000266 1 1 0 0 0 0 0:00:00.000269 1 1 0 0 0 0 0:00:00.000264 1
1 0 0 0 0 0:00:00.000262 1 1 0 0 0 0 0:00:00.000272 1 1 0 0 0 0 0:00:00.000273 1 1 0 0 0 0 0:00:00.000321 1 1 0 0 0 0 0:00:00.000267 1 1 0 0 0 0 0:00:00.000272 1 1 0 0 0 0 0:00:00.000266 1 1 0 0 0 0 0:00:00.000265 1 1 0 0 0 0 0:00:00.000266 1 1 0 0 0 0 0:00:00.000273 1
1 0 0 0 0 0:00:00.000425 1 1 0 0 0 0 0:00:00.000272 1 1 0 0 0 0 0:00:00.000275 1 1 0 0 0 0 0:00:00.000264 1 1 0 0 0 0 0:00:00.000263 1 1 0 0 0 0 0:00:00.000266 1 1 0 0 0 0 0:00:00.000265 1 1 0 0 0 0 0:00:00.000317 1 1 0 0 0 0 0:00:00.000267 1 1 0 0 0 0 0:00:00.000274 1
1 0 0 0 0 0:00:00.000262 1 1 0 0 0 0 0:00:00.000268 1 1 0 0 0 0 0:00:00.000277 1 1 0 0 0 0 0:00:00.000268 1 1 0 0 0 0 0:00:00.000320 1 1 0 0 0 0 0:00:00.000266 1 1 0 0 0 0 0:00:00.000272 1 1 0 0 0 0 0:00:00.000269 1 1 0 0 0 0 0:00:00.000269 1 1 0 0 0 0 0:00:00.000269 1
1 0 0 0 0 0:00:00.000269 1 1 0 0 0 0 0:00:00.000321 1 1 0 0 0 0 0:00:00.000274 1 1 0 0 0 0 0:00:00.000275 1 1 0 0 0 0 0:00:00.000267 1 1 0 0 0 0 0:00:00.000269 1 1 0 0 0 0 0:00:00.000268 1 1 0 0 0 0 0:00:00.000264 1 1 0 0 0 0 0:00:00.000311 1 1 0 0 0 0 0:00:00.000271 1
1 0 0 0 0 0:00:00.000266 1 1 0 0 0 0 0:00:00.000271 1 1 0 0 0 0 0:00:00.000270 1 1 0 0 0 0 0:00:00.000274 1 1 0 0 0 0 0:00:00.000269 1 1 0 0 0 0 0:00:00.000318 1 1 0 0 0 0 0:00:00.000270 1 1 0 0 0 0 0:00:00.000272 1 1 0 0 0 0 0:00:00.000267 1 1 0 0 0 0 0:00:00.000265 1
1 0 0 0 0 0:00:00.000264 1 1 0 0 0 0 0:00:00.000269 1 1 0 0 0 0 0:00:00.000316 1 1 0 0 0 0 0:00:00.000260 1 1 0 0 0 0 0:00:00.000277 1 1 0 0 0 0 0:00:00.000274 1 1 0 0 0 0 0:00:00.000269 1 1 0 0 0 0 0:00:00.000266 1 1 0 0 0 0 0:00:00.000268 1 1 0 0 0 0 0:00:00.000314 1


