---LISTCI---
graphs/bif/sm//asia.txt
8 8 8 0 7 0:00:00.016172 1 8 8 8 0 7 0:00:00.016408 1 7 7 7 0 6 0:00:00.012179 1 6 5 5 0 5 0:00:00.009197 1 5 5 4 1 3 0:00:00.006697 2 4 3 3 0 3 0:00:00.004718 1 4 6 4 2 1 0:00:00.004848 3 3 3 2 1 0 0:00:00.002900 2 2 1 1 0 0 0:00:00.001432 1 1 0 0 0 0 0:00:00.000539 1
8 8 8 0 7 0:00:00.015567 1 8 8 8 0 7 0:00:00.015159 1 7 7 7 0 6 0:00:00.012111 1 6 6 6 0 5 0:00:00.009137 1 5 7 4 3 6 0:00:00.012269 3 4 3 2 1 3 0:00:00.006276 2 4 3 3 0 2 0:00:00.004655 1 3 3 2 1 0 0:00:00.002946 2 2 0 0 0 1 0:00:00.001411 1 1 0 0 0 0 0:00:00.000523 1
8 8 8 0 7 0:00:00.015340 1 8 8 8 0 7 0:00:00.015291 1 7 7 7 0 6 0:00:00.012181 1 6 6 6 0 5 0:00:00.009366 1 5 5 4 1 4 0:00:00.006971 2 4 2 2 0 2 0:00:00.004649 1 4 2 1 1 3 0:00:00.018147 2 3 2 2 0 1 0:00:00.003022 1 2 1 1 0 0 0:00:00.001469 1 1 0 0 0 0 0:00:00.000523 1
8 8 8 0 7 0:00:00.015585 1 8 8 8 0 7 0:00:00.015448 1 7 7 7 0 6 0:00:00.012207 1 6 6 5 1 4 0:00:00.009311 2 5 7 6 1 3 0:00:00.007240 2 4 4 4 0 2 0:00:00.004572 1 4 6 4 2 1 0:00:00.004833 3 3 3 2 1 1 0:00:00.002766 2 2 1 1 0 0 0:00:00.001575 1 1 0 0 0 0 0:00:00.000551 1
8 8 8 0 7 0:00:00.015471 1 8 8 8 0 7 0:00:00.015394 1 7 6 6 0 6 0:00:00.011991 1 6 5 5 0 5 0:00:00.009429 1 5 4 4 0 4 0:00:00.006621 1 4 2 2 0 2 0:00:00.004419 1 4 4 3 1 2 0:00:00.004941 2 3 3 3 0 0 0:00:00.002765 1 2 1 1 0 0 0:00:00.001428 1 1 0 0 0 0 0:00:00.000533 1
8 8 8 0 7 0:00:00.015406 1 8 8 8 0 7 0:00:00.015399 1 7 9 8 1 7 0:00:00.016215 2 6 8 7 1 6 0:00:00.012817 2 5 4 4 0 4 0:00:00.006652 1 4 3 2 1 3 0:00:00.006603 2 4 3 3 0 2 0:00:00.004338 1 3 3 2 1 0 0:00:00.002709 2 2 2 1 1 0 0:00:00.001675 2 1 0 0 0 0 0:00:00.000538 1
8 8 8 0 7 0:00:00.015409 1 8 8 8 0 7 0:00:00.008268 1 7 7 6 1 5 0:00:00.006412 2 6 5 5 0 5 0:00:00.004826 1 5 5 5 0 3 0:00:00.003508 1 4 5 3 2 1 0:00:00.002633 2 4 6 3 3 1 0:00:00.002737 3 3 2 1 1 1 0:00:00.002947 2 2 1 1 0 0 0:00:00.000765 1 1 0 0 0 0 0:00:00.000285 1
8 8 8 0 7 0:00:00.008148 1 8 8 8 0 7 0:00:00.008289 1 7 7 7 0 6 0:00:00.006478 1 6 6 5 1 6 0:00:00.006095 2 5 4 3 1 5 0:00:00.004732 2 4 2 2 0 2 0:00:00.002293 1 4 5 3 2 1 0:00:00.002569 2 3 2 2 0 1 0:00:00.001376 1 2 0 0 0 1 0:00:00.000815 1 1 0 0 0 0 0:00:00.000286 1
8 8 8 0 7 0:00:00.008247 1 8 8 8 0 7 0:00:00.008146 1 7 9 8 1 7 0:00:00.008352 2 6 6 6 0 5 0:00:00.004943 1 5 5 5 0 4 0:00:00.003661 1 4 4 4 0 2 0:00:00.002375 1 4 4 4 0 2 0:00:00.002478 1 3 2 1 1 1 0:00:00.002854 2 2 0 0 0 1 0:00:00.000754 1 1 0 0 0 0 0:00:00.000281 1
8 8 8 0 7 0:00:00.008052 1 8 8 8 0 7 0:00:00.008152 1 7 7 7 0 6 0:00:00.006399 1 6 8 7 1 6 0:00:00.006770 2 5 4 4 0 4 0:00:00.003636 1 4 3 2 1 3 0:00:00.003283 2 4 6 4 2 1 0:00:00.002575 3 3 3 3 0 0 0:00:00.001460 1 2 1 1 0 0 0:00:00.000755 1 1 0 0 0 0 0:00:00.000283 1


graphs/bif/sm//cancer.txt
5 4 4 0 3 0:00:00.007098 1 5 4 4 0 3 0:00:00.006585 1 4 3 3 0 2 0:00:00.005394 1 4 3 3 0 2 0:00:00.004458 1 3 2 2 0 1 0:00:00.002618 1 3 2 2 0 1 0:00:00.002587 1 2 1 1 0 0 0:00:00.001430 1 2 1 1 0 0 0:00:00.001436 1 1 0 0 0 0 0:00:00.000524 1 1 0 0 0 0 0:00:00.000524 1
5 4 4 0 3 0:00:00.006472 1 5 4 4 0 3 0:00:00.006491 1 4 3 3 0 2 0:00:00.004522 1 4 3 3 0 2 0:00:00.004368 1 3 2 2 0 1 0:00:00.002845 1 3 3 2 1 0 0:00:00.003015 2 2 1 0 1 0 0:00:00.001538 2 2 1 0 1 0 0:00:00.001546 2 1 0 0 0 0 0:00:00.000538 1 1 0 0 0 0 0:00:00.000512 1
5 4 4 0 3 0:00:00.006460 1 5 4 4 0 3 0:00:00.006655 1 4 5 4 1 1 0:00:00.004510 2 4 3 3 0 2 0:00:00.004405 1 3 3 2 1 0 0:00:00.002966 2 3 2 2 0 1 0:00:00.002860 1 2 1 1 0 0 0:00:00.001517 1 2 1 1 0 0 0:00:00.001405 1 1 0 0 0 0 0:00:00.000526 1 1 0 0 0 0 0:00:00.000521 1
5 4 4 0 3 0:00:00.006487 1 5 4 4 0 3 0:00:00.006477 1 4 3 3 0 2 0:00:00.004597 1 4 3 3 0 2 0:00:00.004577 1 3 2 2 0 1 0:00:00.002601 1 3 3 2 1 0 0:00:00.002970 2 2 1 1 0 0 0:00:00.001442 1 2 1 1 0 0 0:00:00.001464 1 1 0 0 0 0 0:00:00.000535 1 1 0 0 0 0 0:00:00.000536 1
5 4 4 0 3 0:00:00.006664 1 5 4 4 0 3 0:00:00.006482 1 4 3 3 0 2 0:00:00.004628 1 4 3 3 0 2 0:00:00.004434 1 3 2 2 0 1 0:00:00.003018 1 3 2 2 0 1 0:00:00.002832 1 2 1 0 1 0 0:00:00.001631 2 2 0 0 0 1 0:00:00.001407 1 1 0 0 0 0 0:00:00.000531 1 1 0 0 0 0 0:00:00.000529 1
5 4 4 0 3 0:00:00.006586 1 5 4 4 0 3 0:00:00.006399 1 4 3 3 0 2 0:00:00.004623 1 4 3 3 0 2 0:00:00.004420 1 3 2 2 0 1 0:00:00.002618 1 3 3 2 1 0 0:00:00.002995 2 2 1 1 0 0 0:00:00.001417 1 2 1 1 0 0 0:00:00.001704 1 1 0 0 0 0 0:00:00.000529 1 1 0 0 0 0 0:00:00.000546 1
5 4 4 0 3 0:00:00.017833 1 5 4 4 0 3 0:00:00.003437 1 4 3 3 0 2 0:00:00.002410 1 4 3 3 0 2 0:00:00.002436 1 3 2 2 0 1 0:00:00.001505 1 3 2 2 0 1 0:00:00.001545 1 2 1 1 0 0 0:00:00.000748 1 2 1 1 0 0 0:00:00.000749 1 1 0 0 0 0 0:00:00.000287 1 1 0 0 0 0 0:00:00.000282 1
5 4 4 0 3 0:00:00.003406 1 5 4 4 0 3 0:00:00.003412 1 4 3 3 0 2 0:00:00.002429 1 4 3 3 0 2 0:00:00.002296 1 3 2 2 0 1 0:00:00.001547 1 3 2 2 0 1 0:00:00.001497 1 2 1 1 0 0 0:00:00.000883 1 2 1 1 0 0 0:00:00.000753 1 1 0 0 0 0 0:00:00.000278 1 1 0 0 0 0 0:00:00.000274 1
5 4 4 0 3 0:00:00.003414 1 5 4 4 0 3 0:00:00.003384 1 4 3 3 0 2 0:00:00.002328 1 4 5 4 1 1 0:00:00.002390 2 3 2 2 0 1 0:00:00.001514 1 3 2 2 0 1 0:00:00.001565 1 2 1 0 1 0 0:00:00.000806 2 2 0 0 0 1 0:00:00.000794 1 1 0 0 0 0 0:00:00.000278 1 1 0 0 0 0 0:00:00.000277 1
5 4 4 0 3 0:00:00.003411 1 5 4 4 0 3 0:00:00.003396 1 4 3 3 0 2 0:00:00.002457 1 4 3 3 0 2 0:00:00.002453 1 3 3 2 1 0 0:00:00.001636 2 3 2 2 0 1 0:00:00.001506 1 2 0 0 0 1 0:00:00.000749 1 2 1 1 0 0 0:00:00.000740 1 1 0 0 0 0 0:00:00.000285 1 1 0 0 0 0 0:00:00.000285 1


graphs/bif/sm//earthquake.txt
5 4 4 0 3 0:00:00.003734 1 5 4 4 0 3 0:00:00.003509 1 4 3 3 0 2 0:00:00.002907 1 4 3 3 0 2 0:00:00.002396 1 3 2 2 0 1 0:00:00.001505 1 3 2 2 0 1 0:00:00.001362 1 2 1 0 1 0 0:00:00.000816 2 2 1 1 0 0 0:00:00.000758 1 1 0 0 0 0 0:00:00.000275 1 1 0 0 0 0 0:00:00.000280 1
5 4 4 0 3 0:00:00.003427 1 5 4 4 0 3 0:00:00.003440 1 4 5 4 1 1 0:00:00.002340 2 4 3 3 0 2 0:00:00.002410 1 3 3 2 1 0 0:00:00.001536 2 3 2 2 0 1 0:00:00.001565 1 2 1 1 0 0 0:00:00.000756 1 2 1 1 0 0 0:00:00.000758 1 1 0 0 0 0 0:00:00.000337 1 1 0 0 0 0 0:00:00.000284 1
5 4 4 0 3 0:00:00.003471 1 5 4 4 0 3 0:00:00.003556 1 4 3 3 0 2 0:00:00.002362 1 4 3 3 0 2 0:00:00.002472 1 3 2 2 0 1 0:00:00.001527 1 3 2 2 0 1 0:00:00.001505 1 2 1 1 0 0 0:00:00.000809 1 2 1 1 0 0 0:00:00.000747 1 1 0 0 0 0 0:00:00.000286 1 1 0 0 0 0 0:00:00.000280 1
5 4 4 0 3 0:00:00.003460 1 5 4 4 0 3 0:00:00.003457 1 4 3 3 0 2 0:00:00.002488 1 4 3 3 0 2 0:00:00.002428 1 3 2 2 0 1 0:00:00.001478 1 3 2 2 0 1 0:00:00.001539 1 2 1 1 0 0 0:00:00.000748 1 2 1 1 0 0 0:00:00.000775 1 1 0 0 0 0 0:00:00.000274 1 1 0 0 0 0 0:00:00.000279 1
5 4 4 0 3 0:00:00.003527 1 5 4 4 0 3 0:00:00.003439 1 4 3 3 0 2 0:00:00.002446 1 4 3 3 0 2 0:00:00.002362 1 3 2 2 0 1 0:00:00.001429 1 3 3 2 1 0 0:00:00.001516 2 2 1 1 0 0 0:00:00.000821 1 2 1 1 0 0 0:00:00.000752 1 1 0 0 0 0 0:00:00.000291 1 1 0 0 0 0 0:00:00.000285 1
5 4 4 0 3 0:00:00.003478 1 5 4 4 0 3 0:00:00.003476 1 4 3 3 0 2 0:00:00.002485 1 4 3 3 0 2 0:00:00.002366 1 3 2 2 0 1 0:00:00.001538 1 3 3 2 1 0 0:00:00.001616 2 2 1 1 0 0 0:00:00.000763 1 2 1 1 0 0 0:00:00.000913 1 1 0 0 0 0 0:00:00.000280 1 1 0 0 0 0 0:00:00.000283 1
5 4 4 0 3 0:00:00.008516 1 5 4 4 0 3 0:00:00.003465 1 4 3 3 0 2 0:00:00.002314 1 4 3 3 0 2 0:00:00.002300 1 3 2 2 0 1 0:00:00.001444 1 3 3 2 1 0 0:00:00.001566 2 2 1 1 0 0 0:00:00.000767 1 2 1 1 0 0 0:00:00.000755 1 1 0 0 0 0 0:00:00.000333 1 1 0 0 0 0 0:00:00.000287 1
5 4 4 0 3 0:00:00.003440 1 5 4 4 0 3 0:00:00.003459 1 4 3 3 0 2 0:00:00.002506 1 4 3 3 0 2 0:00:00.002445 1 3 2 2 0 1 0:00:00.001563 1 3 2 2 0 1 0:00:00.001513 1 2 1 1 0 0 0:00:00.000901 1 2 1 1 0 0 0:00:00.000758 1 1 0 0 0 0 0:00:00.000282 1 1 0 0 0 0 0:00:00.000279 1
5 4 4 0 3 0:00:00.003459 1 5 4 4 0 3 0:00:00.003425 1 4 3 3 0 2 0:00:00.002488 1 4 3 3 0 2 0:00:00.002430 1 3 2 2 0 1 0:00:00.001404 1 3 2 2 0 1 0:00:00.001590 1 2 1 1 0 0 0:00:00.000772 1 2 1 0 1 0 0:00:00.000804 2 1 0 0 0 0 0:00:00.000292 1 1 0 0 0 0 0:00:00.000286 1
5 4 4 0 3 0:00:00.003484 1 5 4 4 0 3 0:00:00.003487 1 4 3 3 0 2 0:00:00.002363 1 4 3 3 0 2 0:00:00.002384 1 3 2 2 0 1 0:00:00.001536 1 3 3 2 1 0 0:00:00.001539 2 2 1 0 1 0 0:00:00.000892 2 2 0 0 0 1 0:00:00.000750 1 1 0 0 0 0 0:00:00.000282 1 1 0 0 0 0 0:00:00.000276 1


graphs/bif/sm//sachs.txt
11 17 17 0 10 0:00:00.016110 1 10 15 15 0 9 0:00:00.012712 1 9 13 13 0 8 0:00:00.010379 1 8 15 9 6 10 0:00:00.014364 4 7 9 9 0 6 0:00:00.006497 1 6 9 3 6 8 0:00:00.010128 4 5 6 5 1 2 0:00:00.003588 2 4 3 3 0 1 0:00:00.002252 1 3 3 2 1 0 0:00:00.001589 2 2 0 0 0 1 0:00:00.000757 1
11 17 17 0 10 0:00:00.015466 1 10 15 15 0 9 0:00:00.012679 1 9 13 13 0 8 0:00:00.010431 1 8 11 11 0 5 0:00:00.008384 1 7 8 8 0 6 0:00:00.011786 1 6 11 5 6 1 0:00:00.006015 4 5 8 4 4 4 0:00:00.003915 3 4 2 2 0 3 0:00:00.002365 1 3 2 1 1 1 0:00:00.001507 2 2 2 1 1 0 0:00:00.000835 2
11 17 17 0 10 0:00:00.015422 1 10 15 15 0 9 0:00:00.012760 1 9 13 13 0 8 0:00:00.010319 1 8 10 10 0 7 0:00:00.008150 1 7 13 7 6 8 0:00:00.010608 4 6 11 5 6 1 0:00:00.005833 4 5 10 4 6 1 0:00:00.004149 4 4 2 2 0 3 0:00:00.002446 1 3 2 1 1 1 0:00:00.001498 2 2 1 1 0 0 0:00:00.000776 1
11 17 17 0 10 0:00:00.015411 1 10 15 15 0 9 0:00:00.012762 1 9 12 12 0 8 0:00:00.010206 1 8 10 10 0 7 0:00:00.008195 1 7 13 7 6 3 0:00:00.007635 4 6 8 5 3 5 0:00:00.005282 3 5 6 3 3 5 0:00:00.005170 3 4 4 2 2 3 0:00:00.002507 2 3 1 1 0 1 0:00:00.001398 1 2 0 0 0 1 0:00:00.000815 1
11 17 17 0 10 0:00:00.015477 1 10 15 15 0 9 0:00:00.012926 1 9 20 10 10 18 0:00:00.033032 5 8 12 9 3 8 0:00:00.010090 3 7 14 8 6 3 0:00:00.007494 4 6 13 3 10 1 0:00:00.007071 5 5 7 4 3 2 0:00:00.003788 3 4 4 1 3 1 0:00:00.002687 3 3 2 1 1 1 0:00:00.001516 2 2 1 0 1 0 0:00:00.000830 2
11 17 17 0 10 0:00:00.015623 1 10 22 12 10 16 0:00:00.028666 5 9 13 13 0 8 0:00:00.010786 1 8 14 8 6 14 0:00:00.021193 4 7 12 6 6 10 0:00:00.013826 4 6 10 4 6 9 0:00:00.012437 4 5 7 4 3 1 0:00:00.003694 3 4 4 3 1 1 0:00:00.002367 2 3 4 3 1 0 0:00:00.001538 2 2 2 1 1 0 0:00:00.000829 2
11 17 17 0 10 0:00:00.015415 1 10 15 15 0 9 0:00:00.012914 1 9 13 12 1 8 0:00:00.010474 2 8 18 8 10 14 0:00:00.024215 5 7 14 7 7 9 0:00:00.014656 4 6 6 6 0 5 0:00:00.004860 1 5 8 2 6 1 0:00:00.004461 4 4 3 3 0 1 0:00:00.002295 1 3 2 1 1 1 0:00:00.001606 2 2 0 0 0 1 0:00:00.000764 1
11 17 17 0 10 0:00:00.015623 1 10 15 15 0 9 0:00:00.012710 1 9 20 10 10 15 0:00:00.025943 5 8 11 11 0 7 0:00:00.008271 1 7 13 3 10 16 0:00:00.026730 5 6 12 6 6 2 0:00:00.005849 4 5 6 3 3 5 0:00:00.005335 3 4 2 2 0 3 0:00:00.002348 1 3 4 3 1 0 0:00:00.001482 2 2 0 0 0 1 0:00:00.000829 1
11 17 17 0 10 0:00:00.015473 1 10 22 12 10 16 0:00:00.029071 5 9 12 12 0 8 0:00:00.010315 1 8 11 11 0 5 0:00:00.008456 1 7 9 9 0 4 0:00:00.006608 1 6 9 3 6 8 0:00:00.010401 4 5 7 4 3 1 0:00:00.003798 3 4 4 1 3 1 0:00:00.002684 3 3 4 1 3 0 0:00:00.001799 3 2 1 1 0 0 0:00:00.000868 1
11 17 17 0 10 0:00:00.015459 1 10 27 12 15 22 0:00:00.047914 6 9 14 13 1 8 0:00:00.010848 2 8 10 10 0 7 0:00:00.008313 1 7 12 6 6 13 0:00:00.019281 4 6 12 6 6 1 0:00:00.005544 4 5 8 2 6 1 0:00:00.004570 4 4 7 1 6 0 0:00:00.003485 4 3 2 1 1 1 0:00:00.001502 2 2 0 0 0 1 0:00:00.000827 1


graphs/bif/sm//survey.txt
6 6 6 0 4 0:00:00.009925 1 6 6 6 0 4 0:00:00.010102 1 5 7 6 1 2 0:00:00.006951 2 5 5 5 0 3 0:00:00.006736 1 4 6 5 1 1 0:00:00.004339 2 3 2 2 0 1 0:00:00.003014 1 3 3 3 0 0 0:00:00.002632 1 2 1 1 0 0 0:00:00.001443 1 2 1 1 0 0 0:00:00.001420 1 1 0 0 0 0 0:00:00.000529 1
6 6 6 0 4 0:00:00.009339 1 6 6 6 0 4 0:00:00.009307 1 5 5 5 0 3 0:00:00.006749 1 5 4 4 0 3 0:00:00.006542 1 4 3 3 0 2 0:00:00.004677 1 3 2 2 0 1 0:00:00.003001 1 3 4 3 1 0 0:00:00.002772 2 2 1 1 0 0 0:00:00.001571 1 2 1 1 0 0 0:00:00.001418 1 1 0 0 0 0 0:00:00.000549 1
6 6 6 0 4 0:00:00.009333 1 6 6 6 0 4 0:00:00.009137 1 5 7 6 1 2 0:00:00.006955 2 5 4 4 0 3 0:00:00.006550 1 4 3 3 0 2 0:00:00.004463 1 3 2 2 0 1 0:00:00.002660 1 3 2 2 0 1 0:00:00.002644 1 2 1 1 0 0 0:00:00.001435 1 2 1 1 0 0 0:00:00.001464 1 1 0 0 0 0 0:00:00.000557 1
6 6 6 0 4 0:00:00.009460 1 6 6 6 0 4 0:00:00.009157 1 5 5 5 0 3 0:00:00.006931 1 5 7 6 1 2 0:00:00.006988 2 4 4 4 0 2 0:00:00.004870 1 3 4 3 1 0 0:00:00.002838 2 3 2 2 0 1 0:00:00.002731 1 2 1 1 0 0 0:00:00.001465 1 2 1 1 0 0 0:00:00.001548 1 1 0 0 0 0 0:00:00.000533 1
6 6 6 0 4 0:00:00.009235 1 6 6 6 0 4 0:00:00.009164 1 5 5 5 0 3 0:00:00.006863 1 5 4 4 0 3 0:00:00.006791 1 4 3 3 0 2 0:00:00.004761 1 3 2 2 0 1 0:00:00.002880 1 3 3 2 1 0 0:00:00.002818 2 2 1 1 0 0 0:00:00.001441 1 2 1 1 0 0 0:00:00.000764 1 1 0 0 0 0 0:00:00.000285 1
6 6 6 0 4 0:00:00.004903 1 6 6 6 0 4 0:00:00.004945 1 5 5 5 0 3 0:00:00.004556 1 5 5 5 0 3 0:00:00.004943 1 4 5 4 1 1 0:00:00.002681 2 3 2 2 0 1 0:00:00.001722 1 3 2 2 0 1 0:00:00.001786 1 2 1 1 0 0 0:00:00.000978 1 2 1 1 0 0 0:00:00.000982 1 1 0 0 0 0 0:00:00.000335 1
6 6 6 0 4 0:00:00.006191 1 6 6 6 0 4 0:00:00.006184 1 5 5 5 0 3 0:00:00.004712 1 5 5 5 0 3 0:00:00.003758 1 4 3 3 0 2 0:00:00.002373 1 3 2 2 0 1 0:00:00.001507 1 3 4 3 1 0 0:00:00.001538 2 2 1 1 0 0 0:00:00.000766 1 2 2 1 1 0 0:00:00.000913 2 1 0 0 0 0 0:00:00.000287 1
6 6 6 0 4 0:00:00.004917 1 6 6 6 0 4 0:00:00.005063 1 5 4 4 0 3 0:00:00.003497 1 5 5 5 0 3 0:00:00.003558 1 4 5 4 1 1 0:00:00.002394 2 3 2 2 0 1 0:00:00.001529 1 3 3 2 1 0 0:00:00.001633 2 2 1 1 0 0 0:00:00.000761 1 2 1 1 0 0 0:00:00.000753 1 1 0 0 0 0 0:00:00.000296 1
6 6 6 0 4 0:00:00.004888 1 6 6 6 0 4 0:00:00.004965 1 5 5 5 0 3 0:00:00.003722 1 5 7 6 1 2 0:00:00.003798 2 4 3 3 0 2 0:00:00.002329 1 3 3 2 1 0 0:00:00.001576 2 3 3 2 1 0 0:00:00.001528 2 2 1 1 0 0 0:00:00.000761 1 2 1 1 0 0 0:00:00.000758 1 1 0 0 0 0 0:00:00.000301 1
6 6 6 0 4 0:00:00.004915 1 6 6 6 0 4 0:00:00.004967 1 5 5 5 0 3 0:00:00.003570 1 5 5 5 0 3 0:00:00.003700 1 4 6 5 1 1 0:00:00.002293 2 3 2 2 0 1 0:00:00.001602 1 3 2 2 0 1 0:00:00.001381 1 2 2 1 1 0 0:00:00.000843 2 2 1 1 0 0 0:00:00.000774 1 1 0 0 0 0 0:00:00.000285 1

---LMP---
graphs/bif/sm//asia.txt
8 8 8 0 7 0:00:00.014465 1 20 8 8 8 8 0 7 0:00:00.013912 1 20 8 7 7 7 0 6 0:00:00.010239 1 14 7 6 5 5 0 5 0:00:00.005963 1 10 6 5 5 5 0 4 0:00:00.004607 1 9 5 4 4 3 1 1 0:00:00.003321 2 8 5 4 3 3 0 2 0:00:00.002433 1 5 4 3 3 2 1 0 0:00:00.001727 2 4 4 2 1 0 1 0 0:00:00.001065 2 3 3 1 0 0 0 0 0:00:00.000316 1 1 1
8 8 8 0 7 0:00:00.013792 1 20 8 8 8 8 0 7 0:00:00.013724 1 20 8 7 7 7 0 6 0:00:00.010334 1 17 7 6 6 6 0 5 0:00:00.006755 1 11 6 5 5 4 1 3 0:00:00.004834 2 9 6 4 4 3 1 3 0:00:00.002974 2 6 4 4 4 4 0 2 0:00:00.002507 1 5 4 3 1 1 0 1 0:00:00.002028 1 5 3 2 1 1 0 0 0:00:00.000841 1 2 2 1 0 0 0 0 0:00:00.000326 1 1 1
8 8 8 0 7 0:00:00.013739 1 20 8 8 8 8 0 7 0:00:00.013860 1 20 8 7 6 6 0 6 0:00:00.011275 1 18 7 6 6 6 0 5 0:00:00.005785 1 9 6 5 6 5 1 4 0:00:00.004826 2 8 6 4 4 3 1 3 0:00:00.002935 2 6 4 4 4 3 1 3 0:00:00.002775 2 6 4 3 2 2 0 1 0:00:00.001513 1 3 3 2 0 0 0 1 0:00:00.000914 1 3 2 1 0 0 0 0 0:00:00.000339 1 1 1
8 8 8 0 7 0:00:00.013889 1 20 8 8 8 8 0 7 0:00:00.013776 1 20 8 7 7 7 0 6 0:00:00.010389 1 17 7 6 6 6 0 5 0:00:00.006861 1 12 6 5 5 5 0 4 0:00:00.003836 1 7 5 4 6 4 2 1 0:00:00.003234 3 6 5 4 2 2 0 3 0:00:00.003522 1 8 4 3 2 2 0 1 0:00:00.001508 1 3 3 2 1 1 0 0 0:00:00.000452 1 2 2 1 0 0 0 0 0:00:00.000172 1 1 1
8 8 8 0 7 0:00:00.007253 1 20 8 8 8 8 0 7 0:00:00.007235 1 20 8 7 6 6 0 6 0:00:00.005945 1 18 7 6 8 6 2 7 0:00:00.004309 2 15 8 5 4 4 0 3 0:00:00.002398 1 8 5 4 3 3 0 3 0:00:00.001499 1 6 4 4 4 3 1 2 0:00:00.001259 2 4 4 3 3 2 1 1 0:00:00.000891 2 4 3 2 1 1 0 0 0:00:00.000439 1 2 2 1 0 0 0 0 0:00:00.000178 1 1 1
8 8 8 0 7 0:00:00.007246 1 20 8 8 8 8 0 7 0:00:00.007265 1 20 8 7 7 6 1 7 0:00:00.005364 2 17 8 6 6 5 1 6 0:00:00.003603 2 11 7 5 5 4 1 3 0:00:00.002154 2 7 5 4 4 3 1 2 0:00:00.001590 2 6 5 4 3 3 0 3 0:00:00.001475 1 6 4 3 2 2 0 1 0:00:00.000873 1 4 3 2 1 1 0 0 0:00:00.000450 1 2 2 1 0 0 0 0 0:00:00.000172 1 1 1
8 8 8 0 7 0:00:00.007261 1 20 8 8 8 8 0 7 0:00:00.007285 1 20 8 7 7 7 0 6 0:00:00.004456 1 12 7 6 6 6 0 5 0:00:00.009435 1 11 6 5 7 4 3 6 0:00:00.002744 3 9 7 4 6 3 3 1 0:00:00.001954 3 7 6 4 4 3 1 2 0:00:00.001497 2 5 4 3 2 2 0 1 0:00:00.000810 1 3 3 2 2 1 1 0 0:00:00.000469 2 2 2 1 0 0 0 0 0:00:00.000188 1 1 1
8 8 8 0 7 0:00:00.007378 1 20 8 8 8 8 0 7 0:00:00.007255 1 20 8 7 6 6 0 6 0:00:00.005875 1 18 7 6 5 5 0 5 0:00:00.004686 1 16 6 5 7 6 1 3 0:00:00.002412 2 8 6 4 3 3 0 3 0:00:00.001555 1 6 4 4 3 2 1 3 0:00:00.002181 2 9 5 3 3 2 1 0 0:00:00.001004 2 4 4 2 1 1 0 0 0:00:00.000462 1 2 2 1 0 0 0 0 0:00:00.000170 1 1 1
8 8 8 0 7 0:00:00.007315 1 20 8 8 8 8 0 7 0:00:00.007320 1 20 8 7 7 7 0 6 0:00:00.005108 1 15 7 6 6 6 0 5 0:00:00.003169 1 9 6 5 5 5 0 3 0:00:00.002158 1 7 5 4 4 4 0 2 0:00:00.001516 1 6 4 4 4 3 1 2 0:00:00.001298 2 5 4 3 2 2 0 1 0:00:00.000847 1 4 3 2 1 1 0 0 0:00:00.000451 1 2 2 1 0 0 0 0 0:00:00.000178 1 1 1
8 8 8 0 7 0:00:00.007268 1 20 8 8 8 8 0 7 0:00:00.007246 1 20 8 7 9 8 1 7 0:00:00.006089 2 18 8 6 6 6 0 5 0:00:00.003403 1 11 6 5 5 5 0 4 0:00:00.002014 1 7 5 4 4 3 1 2 0:00:00.001512 2 5 4 4 4 3 1 2 0:00:00.001503 2 5 4 3 1 1 0 1 0:00:00.001042 1 5 3 2 1 0 1 0 0:00:00.000547 2 3 3 1 0 0 0 0 0:00:00.000171 1 1 1


graphs/bif/sm//cancer.txt
5 4 4 0 3 0:00:00.004518 1 7 5 5 4 4 0 3 0:00:00.004226 1 7 5 4 3 3 0 2 0:00:00.002777 1 5 4 4 3 3 0 2 0:00:00.002473 1 5 4 3 3 2 1 0 0:00:00.002064 2 4 4 3 2 2 0 1 0:00:00.001491 1 3 3 2 1 0 1 0 0:00:00.001043 2 3 3 2 1 1 0 0 0:00:00.000833 1 2 2 1 0 0 0 0 0:00:00.000314 1 1 1 1 0 0 0 0 0:00:00.000325 1 1 1
5 4 4 0 3 0:00:00.004816 1 7 5 5 4 4 0 3 0:00:00.003953 1 7 5 4 3 3 0 2 0:00:00.002559 1 5 4 4 3 3 0 2 0:00:00.002408 1 5 4 3 2 2 0 1 0:00:00.001489 1 3 3 3 2 2 0 1 0:00:00.001630 1 4 3 2 0 0 0 1 0:00:00.001058 1 3 2 2 1 1 0 0 0:00:00.000836 1 2 2 1 0 0 0 0 0:00:00.000322 1 1 1 1 0 0 0 0 0:00:00.000322 1 1 1
5 4 4 0 3 0:00:00.003962 1 7 5 5 4 4 0 3 0:00:00.004039 1 7 5 4 3 3 0 2 0:00:00.002448 1 5 4 4 3 3 0 2 0:00:00.002549 1 5 4 3 2 2 0 1 0:00:00.001479 1 3 3 3 3 2 1 0 0:00:00.001933 2 4 4 2 1 1 0 0 0:00:00.000825 1 2 2 2 0 0 0 1 0:00:00.000921 1 3 2 1 0 0 0 0 0:00:00.000423 1 1 1 1 0 0 0 0 0:00:00.000316 1 1 1
5 4 4 0 3 0:00:00.003961 1 7 5 5 4 4 0 3 0:00:00.004060 1 7 5 4 3 3 0 2 0:00:00.002432 1 5 4 4 3 3 0 2 0:00:00.002437 1 5 4 3 2 2 0 1 0:00:00.001937 1 4 3 3 2 2 0 1 0:00:00.001804 1 4 3 2 1 0 1 0 0:00:00.001046 2 3 3 2 1 1 0 0 0:00:00.000808 1 2 2 1 0 0 0 0 0:00:00.000337 1 1 1 1 0 0 0 0 0:00:00.000319 1 1 1
5 4 4 0 3 0:00:00.004121 1 7 5 5 4 4 0 3 0:00:00.003930 1 7 5 4 3 3 0 2 0:00:00.002561 1 5 4 4 3 3 0 2 0:00:00.002426 1 5 4 3 2 2 0 1 0:00:00.001511 1 3 3 3 2 2 0 1 0:00:00.001480 1 3 3 2 1 0 1 0 0:00:00.001157 2 3 3 2 1 0 1 0 0:00:00.001049 2 3 3 1 0 0 0 0 0:00:00.000313 1 1 1 1 0 0 0 0 0:00:00.000319 1 1 1
5 4 4 0 3 0:00:00.003996 1 7 5 5 4 4 0 3 0:00:00.004119 1 7 5 4 3 3 0 2 0:00:00.002463 1 5 4 4 3 3 0 2 0:00:00.002709 1 5 4 3 2 2 0 1 0:00:00.001613 1 4 3 3 2 2 0 1 0:00:00.001484 1 3 3 2 1 0 1 0 0:00:00.001046 2 3 3 2 1 1 0 0 0:00:00.000823 1 2 2 1 0 0 0 0 0:00:00.000333 1 1 1 1 0 0 0 0 0:00:00.000310 1 1 1
5 4 4 0 3 0:00:00.003985 1 7 5 5 4 4 0 3 0:00:00.004049 1 7 5 4 3 3 0 2 0:00:00.002431 1 5 4 4 5 4 1 1 0:00:00.002990 2 6 5 3 2 2 0 1 0:00:00.001630 1 3 3 3 2 2 0 1 0:00:00.001473 1 3 3 2 1 1 0 0 0:00:00.000828 1 2 2 2 1 0 1 0 0:00:00.001061 2 3 3 1 0 0 0 0 0:00:00.000320 1 1 1 1 0 0 0 0 0:00:00.000319 1 1 1
5 4 4 0 3 0:00:00.004102 1 7 5 5 4 4 0 3 0:00:00.003950 1 7 5 4 5 4 1 1 0:00:00.003148 2 6 5 4 5 4 1 1 0:00:00.003024 2 6 5 3 2 2 0 1 0:00:00.001603 1 4 3 3 2 2 0 1 0:00:00.001595 1 4 3 2 1 1 0 0 0:00:00.000863 1 2 2 2 1 1 0 0 0:00:00.000836 1 2 2 1 0 0 0 0 0:00:00.000318 1 1 1 1 0 0 0 0 0:00:00.000313 1 1 1
5 4 4 0 3 0:00:00.003990 1 7 5 5 4 4 0 3 0:00:00.004086 1 7 5 4 3 3 0 2 0:00:00.002434 1 5 4 4 5 4 1 1 0:00:00.003156 2 6 5 3 3 2 1 0 0:00:00.001922 2 4 4 3 2 2 0 1 0:00:00.001499 1 3 3 2 1 1 0 0 0:00:00.000829 1 2 2 2 1 1 0 0 0:00:00.000840 1 2 2 1 0 0 0 0 0:00:00.000321 1 1 1 1 0 0 0 0 0:00:00.000317 1 1 1
5 4 4 0 3 0:00:00.003991 1 7 5 5 4 4 0 3 0:00:00.004067 1 7 5 4 3 3 0 2 0:00:00.002419 1 5 4 4 3 3 0 2 0:00:00.002410 1 5 4 3 2 2 0 1 0:00:00.001750 1 4 3 3 2 2 0 1 0:00:00.001495 1 3 3 2 1 1 0 0 0:00:00.000843 1 2 2 2 1 1 0 0 0:00:00.000827 1 2 2 1 0 0 0 0 0:00:00.000320 1 1 1 1 0 0 0 0 0:00:00.000312 1 1 1


graphs/bif/sm//earthquake.txt
5 4 4 0 3 0:00:00.004531 1 7 5 5 4 4 0 3 0:00:00.004254 1 7 5 4 3 3 0 2 0:00:00.002790 1 5 4 4 3 3 0 2 0:00:00.002808 1 5 4 3 3 2 1 0 0:00:00.002109 2 4 4 3 2 2 0 1 0:00:00.001548 1 3 3 2 1 1 0 0 0:00:00.000845 1 2 2 2 1 1 0 0 0:00:00.000860 1 2 2 1 0 0 0 0 0:00:00.000330 1 1 1 1 0 0 0 0 0:00:00.000332 1 1 1
5 4 4 0 3 0:00:00.004823 1 7 5 5 4 4 0 3 0:00:00.004021 1 7 5 4 3 3 0 2 0:00:00.002861 1 5 4 4 3 3 0 2 0:00:00.002735 1 5 4 3 2 2 0 1 0:00:00.001492 1 3 3 3 2 2 0 1 0:00:00.001500 1 3 3 2 1 1 0 0 0:00:00.000958 1 2 2 2 1 0 1 0 0:00:00.001046 2 3 3 1 0 0 0 0 0:00:00.000347 1 1 1 1 0 0 0 0 0:00:00.000319 1 1 1
5 4 4 0 3 0:00:00.004030 1 7 5 5 4 4 0 3 0:00:00.004060 1 7 5 4 5 4 1 1 0:00:00.003081 2 6 5 4 3 3 0 2 0:00:00.002582 1 5 4 3 2 2 0 1 0:00:00.001521 1 3 3 3 2 2 0 1 0:00:00.001500 1 3 3 2 1 1 0 0 0:00:00.000847 1 2 2 2 1 1 0 0 0:00:00.000841 1 2 2 1 0 0 0 0 0:00:00.000319 1 1 1 1 0 0 0 0 0:00:00.000346 1 1 1
5 4 4 0 3 0:00:00.004049 1 7 5 5 4 4 0 3 0:00:00.004072 1 7 5 4 3 3 0 2 0:00:00.002460 1 5 4 4 5 4 1 1 0:00:00.003093 2 6 5 3 3 2 1 0 0:00:00.002057 2 4 4 3 2 2 0 1 0:00:00.001524 1 3 3 2 1 0 1 0 0:00:00.001074 2 3 3 2 1 1 0 0 0:00:00.000838 1 2 2 1 0 0 0 0 0:00:00.000324 1 1 1 1 0 0 0 0 0:00:00.000334 1 1 1
5 4 4 0 3 0:00:00.004160 1 7 5 5 4 4 0 3 0:00:00.003969 1 7 5 4 3 3 0 2 0:00:00.002619 1 5 4 4 3 3 0 2 0:00:00.002765 1 5 4 3 2 2 0 1 0:00:00.001628 1 4 3 3 3 2 1 0 0:00:00.001965 2 4 4 2 1 0 1 0 0:00:00.001086 2 3 3 2 1 1 0 0 0:00:00.000876 1 2 2 1 0 0 0 0 0:00:00.000330 1 1 1 1 0 0 0 0 0:00:00.000330 1 1 1
5 4 4 0 3 0:00:00.004168 1 7 5 5 4 4 0 3 0:00:00.004002 1 7 5 4 3 3 0 2 0:00:00.002485 1 5 4 4 3 3 0 2 0:00:00.002753 1 5 4 3 2 2 0 1 0:00:00.001654 1 4 3 3 2 2 0 1 0:00:00.001505 1 3 3 2 1 1 0 0 0:00:00.000828 1 2 2 2 1 1 0 0 0:00:00.000952 1 2 2 1 0 0 0 0 0:00:00.000325 1 1 1 1 0 0 0 0 0:00:00.000324 1 1 1
5 4 4 0 3 0:00:00.003983 1 7 5 5 4 4 0 3 0:00:00.004058 1 7 5 4 3 3 0 2 0:00:00.002465 1 5 4 4 3 3 0 2 0:00:00.002446 1 5 4 3 2 2 0 1 0:00:00.001654 1 3 3 3 2 2 0 1 0:00:00.001516 1 3 3 2 1 0 1 0 0:00:00.001056 2 3 3 2 1 0 1 0 0:00:00.001068 2 3 3 1 0 0 0 0 0:00:00.000327 1 1 1 1 0 0 0 0 0:00:00.000319 1 1 1
5 4 4 0 3 0:00:00.004155 1 7 5 5 4 4 0 3 0:00:00.003976 1 7 5 4 3 3 0 2 0:00:00.002604 1 5 4 4 3 3 0 2 0:00:00.002746 1 5 4 3 2 2 0 1 0:00:00.001511 1 3 3 3 2 2 0 1 0:00:00.001502 1 3 3 2 1 1 0 0 0:00:00.000956 1 2 2 2 1 1 0 0 0:00:00.000851 1 2 2 1 0 0 0 0 0:00:00.000328 1 1 1 1 0 0 0 0 0:00:00.000321 1 1 1
5 4 4 0 3 0:00:00.004007 1 7 5 5 4 4 0 3 0:00:00.004165 1 7 5 4 3 3 0 2 0:00:00.002769 1 5 4 4 3 3 0 2 0:00:00.002582 1 5 4 3 2 2 0 1 0:00:00.001650 1 4 3 3 2 2 0 1 0:00:00.001527 1 3 3 2 1 1 0 0 0:00:00.000844 1 2 2 2 1 0 1 0 0:00:00.001056 2 3 3 1 0 0 0 0 0:00:00.000434 1 1 1 1 0 0 0 0 0:00:00.000337 1 1 1
5 4 4 0 3 0:00:00.004066 1 7 5 5 4 4 0 3 0:00:00.004106 1 7 5 4 3 3 0 2 0:00:00.002811 1 5 4 4 3 3 0 2 0:00:00.002480 1 5 4 3 3 2 1 0 0:00:00.002096 2 4 4 3 2 2 0 1 0:00:00.001657 1 4 3 2 0 0 0 1 0:00:00.000938 1 3 2 2 1 1 0 0 0:00:00.000855 1 2 2 1 0 0 0 0 0:00:00.000325 1 1 1 1 0 0 0 0 0:00:00.000340 1 1 1


graphs/bif/sm//sachs.txt
11 17 17 0 10 0:00:00.114300 1 87 11 10 15 15 0 9 0:00:00.082241 1 71 10 9 21 11 10 12 0:00:00.046872 5 43 13 8 12 12 0 5 0:00:00.052637 1 35 8 7 13 7 6 8 0:00:00.019343 4 26 9 6 11 5 6 2 0:00:00.012803 4 25 10 5 4 4 0 4 0:00:00.003018 1 11 5 4 6 6 0 0 0:00:00.001387 1 4 4 3 1 0 1 1 0:00:00.001263 2 7 4 2 1 1 0 0 0:00:00.000448 1 2 2
11 17 17 0 10 0:00:00.059279 1 87 11 10 15 15 0 9 0:00:00.043355 1 71 10 9 13 13 0 8 0:00:00.024849 1 53 9 8 15 9 6 10 0:00:00.016818 4 35 11 7 14 8 6 3 0:00:00.013576 4 21 9 6 7 7 0 3 0:00:00.005939 1 11 6 5 10 4 6 1 0:00:00.004548 4 13 7 4 3 2 1 1 0:00:00.002411 2 9 5 3 3 2 1 0 0:00:00.001063 2 4 4 2 1 1 0 0 0:00:00.000464 1 2 2
11 17 17 0 10 0:00:00.064533 1 87 11 10 15 15 0 9 0:00:00.028532 1 47 10 9 12 12 0 8 0:00:00.020637 1 39 9 8 15 9 6 10 0:00:00.017137 4 35 11 7 14 4 10 10 0:00:00.016482 5 29 11 6 7 4 3 7 0:00:00.008765 3 23 8 5 11 5 6 1 0:00:00.004106 4 12 9 4 3 2 1 1 0:00:00.002312 2 9 5 3 1 1 0 1 0:00:00.001078 1 5 3 2 0 0 0 1 0:00:00.000578 1 3 2
11 17 17 0 10 0:00:00.059331 1 87 11 10 22 12 10 16 0:00:00.050745 5 83 17 9 13 13 0 8 0:00:00.016557 1 35 9 8 15 9 6 9 0:00:00.013993 4 32 10 7 11 8 3 6 0:00:00.007891 3 19 7 6 12 6 6 2 0:00:00.007798 4 17 8 5 5 4 1 4 0:00:00.003378 2 11 5 4 4 1 3 1 0:00:00.002631 3 11 6 3 3 3 0 0 0:00:00.000812 1 3 3 2 0 0 0 1 0:00:00.000495 1 3 2
11 17 17 0 10 0:00:00.059310 1 87 11 10 14 14 0 9 0:00:00.042979 1 71 10 9 13 13 0 8 0:00:00.025027 1 53 9 8 11 11 0 7 0:00:00.017221 1 41 8 7 13 3 10 16 0:00:00.023536 5 47 17 6 8 8 0 3 0:00:00.007075 1 15 6 5 6 6 0 1 0:00:00.003392 1 9 5 4 7 1 6 0 0:00:00.003198 4 11 11 3 4 1 3 0 0:00:00.001298 3 5 5 2 2 1 1 0 0:00:00.000503 2 2 2
11 17 17 0 10 0:00:00.059764 1 87 11 10 15 15 0 9 0:00:00.043326 1 71 10 9 21 10 11 15 0:00:00.031254 5 62 16 8 11 10 1 7 0:00:00.012247 2 29 8 7 10 10 0 4 0:00:00.012731 1 19 7 6 9 5 4 7 0:00:00.006884 3 20 8 5 9 6 3 2 0:00:00.002805 3 8 6 4 6 3 3 0 0:00:00.002370 3 8 8 3 1 0 1 1 0:00:00.001280 2 7 4 2 2 1 1 0 0:00:00.000496 2 2 2
11 17 17 0 10 0:00:00.059900 1 87 11 10 22 12 10 16 0:00:00.052726 5 83 17 9 20 10 10 15 0:00:00.030696 5 62 16 8 11 11 0 7 0:00:00.012448 1 29 8 7 9 9 0 4 0:00:00.014429 1 27 7 6 6 3 3 7 0:00:00.010956 3 31 10 5 5 4 1 4 0:00:00.003116 2 11 5 4 2 1 1 3 0:00:00.002615 2 11 5 3 2 1 1 1 0:00:00.001181 2 5 3 2 0 0 0 1 0:00:00.000505 1 3 2
11 17 17 0 10 0:00:00.059429 1 87 11 10 27 12 15 22 0:00:00.055615 6 83 23 9 13 13 0 8 0:00:00.024899 1 53 9 8 11 11 0 7 0:00:00.017228 1 41 8 7 17 7 10 2 0:00:00.017295 5 33 14 6 6 6 0 5 0:00:00.005746 1 17 6 5 8 5 3 2 0:00:00.003648 3 9 5 4 8 5 3 0 0:00:00.001409 3 4 4 3 1 0 1 1 0:00:00.001273 2 7 4 2 0 0 0 1 0:00:00.000506 1 3 2
11 17 17 0 10 0:00:00.059597 1 87 11 10 15 15 0 9 0:00:00.043608 1 71 10 9 21 10 11 15 0:00:00.031052 5 62 16 8 15 9 6 10 0:00:00.016996 4 35 11 7 14 8 6 6 0:00:00.006994 4 17 7 6 9 6 3 3 0:00:00.007584 3 17 7 5 6 4 2 4 0:00:00.003332 2 11 5 4 6 5 1 1 0:00:00.001355 2 4 4 3 1 0 1 1 0:00:00.001309 2 7 4 2 2 1 1 0 0:00:00.000489 2 2 2
11 17 17 0 10 0:00:00.059586 1 87 11 10 22 12 10 16 0:00:00.050551 5 83 17 9 13 13 0 8 0:00:00.021024 1 39 9 8 18 8 10 14 0:00:00.022922 5 50 15 7 10 9 1 6 0:00:00.006841 2 17 7 6 11 5 6 1 0:00:00.009703 4 25 13 5 5 5 0 2 0:00:00.003848 1 11 5 4 5 2 3 1 0:00:00.002482 3 9 5 3 1 0 1 1 0:00:00.001259 2 7 4 2 2 1 1 0 0:00:00.000498 2 2 2


graphs/bif/sm//survey.txt
6 6 6 0 4 0:00:00.005819 1 8 6 6 6 6 0 4 0:00:00.005481 1 8 6 5 5 5 0 3 0:00:00.003856 1 6 5 5 7 6 1 2 0:00:00.004277 2 7 6 4 4 4 0 2 0:00:00.002661 1 5 4 3 2 2 0 1 0:00:00.001498 1 3 3 3 3 3 0 0 0:00:00.002245 1 3 3 2 1 1 0 0 0:00:00.000873 1 2 2 2 0 0 0 1 0:00:00.000929 1 3 2 1 0 0 0 0 0:00:00.000315 1 1 1
6 6 6 0 4 0:00:00.005311 1 8 6 6 6 6 0 4 0:00:00.005219 1 8 6 5 4 4 0 3 0:00:00.004039 1 7 5 5 7 6 1 2 0:00:00.004108 2 7 6 4 5 4 1 1 0:00:00.002924 2 5 5 3 2 2 0 1 0:00:00.001474 1 3 3 3 2 2 0 1 0:00:00.001488 1 3 3 2 1 1 0 0 0:00:00.000821 1 2 2 2 1 0 1 0 0:00:00.001029 2 3 3 1 0 0 0 0 0:00:00.000318 1 1 1
6 6 6 0 4 0:00:00.005283 1 8 6 6 6 6 0 4 0:00:00.005383 1 8 6 5 5 5 0 3 0:00:00.003785 1 6 5 5 5 5 0 3 0:00:00.003623 1 6 5 4 5 4 1 1 0:00:00.002802 2 5 5 3 4 3 1 0 0:00:00.001570 2 3 3 3 3 3 0 0 0:00:00.001538 1 3 3 2 0 0 0 1 0:00:00.000949 1 3 2 2 1 1 0 0 0:00:00.000823 1 2 2 1 0 0 0 0 0:00:00.000315 1 1 1
6 6 6 0 4 0:00:00.005359 1 8 6 6 6 6 0 4 0:00:00.005304 1 8 6 5 5 5 0 3 0:00:00.003631 1 6 5 5 5 5 0 3 0:00:00.003504 1 6 5 4 3 3 0 2 0:00:00.002469 1 5 4 3 2 2 0 1 0:00:00.001602 1 3 3 3 4 3 1 0 0:00:00.001589 2 3 3 2 1 1 0 0 0:00:00.000836 1 2 2 2 1 1 0 0 0:00:00.000813 1 2 2 1 0 0 0 0 0:00:00.000331 1 1 1
6 6 6 0 4 0:00:00.005458 1 8 6 6 6 6 0 4 0:00:00.005557 1 8 6 5 4 4 0 3 0:00:00.003985 1 7 5 5 5 5 0 3 0:00:00.003607 1 6 5 4 3 3 0 2 0:00:00.002675 1 5 4 3 2 2 0 1 0:00:00.001522 1 3 3 3 2 2 0 1 0:00:00.001600 1 4 3 2 2 1 1 0 0:00:00.000917 2 2 2 2 1 1 0 0 0:00:00.000857 1 2 2 1 0 0 0 0 0:00:00.000336 1 1 1
6 6 6 0 4 0:00:00.005406 1 8 6 6 6 6 0 4 0:00:00.005237 1 8 6 5 7 6 1 2 0:00:00.004260 2 7 6 5 5 5 0 3 0:00:00.003519 1 6 5 4 3 3 0 2 0:00:00.002431 1 5 4 3 2 2 0 1 0:00:00.001544 1 3 3 3 2 2 0 1 0:00:00.001492 1 3 3 2 1 1 0 0 0:00:00.000852 1 2 2 2 1 0 1 0 0:00:00.001052 2 3 3 1 0 0 0 0 0:00:00.000317 1 1 1
6 6 6 0 4 0:00:00.005448 1 8 6 6 6 6 0 4 0:00:00.005393 1 8 6 5 5 5 0 3 0:00:00.003519 1 6 5 5 5 5 0 3 0:00:00.003962 1 6 5 4 3 3 0 2 0:00:00.002476 1 5 4 3 2 2 0 1 0:00:00.001486 1 3 3 3 3 2 1 0 0:00:00.001956 2 4 4 2 1 1 0 0 0:00:00.000852 1 2 2 2 1 1 0 0 0:00:00.000820 1 2 2 1 0 0 0 0 0:00:00.000320 1 1 1
6 6 6 0 4 0:00:00.005409 1 8 6 6 6 6 0 4 0:00:00.005321 1 8 6 5 7 6 1 2 0:00:00.004260 2 7 6 5 5 5 0 3 0:00:00.003534 1 6 5 4 6 5 1 1 0:00:00.002629 2 5 4 3 2 2 0 1 0:00:00.001656 1 4 3 3 4 3 1 0 0:00:00.001578 2 3 3 2 1 1 0 0 0:00:00.000834 1 2 2 2 1 1 0 0 0:00:00.000833 1 2 2 1 0 0 0 0 0:00:00.000321 1 1 1
6 6 6 0 4 0:00:00.005386 1 8 6 6 6 6 0 4 0:00:00.005336 1 8 6 5 4 4 0 3 0:00:00.003950 1 7 5 5 4 4 0 3 0:00:00.004094 1 7 5 4 3 3 0 2 0:00:00.002457 1 5 4 3 2 2 0 1 0:00:00.001841 1 4 3 3 3 3 0 0 0:00:00.001517 1 3 3 2 1 1 0 0 0:00:00.000857 1 2 2 2 0 0 0 1 0:00:00.000926 1 3 2 1 0 0 0 0 0:00:00.000325 1 1 1
6 6 6 0 4 0:00:00.005442 1 8 6 6 6 6 0 4 0:00:00.005235 1 8 6 5 5 5 0 3 0:00:00.003665 1 6 5 5 5 5 0 3 0:00:00.003788 1 6 5 4 5 4 1 1 0:00:00.003151 2 6 5 3 2 2 0 1 0:00:00.001801 1 4 3 3 2 2 0 1 0:00:00.001813 1 4 3 2 2 1 1 0 0:00:00.000890 2 2 2 2 1 1 0 0 0:00:00.000827 1 2 2 1 0 0 0 0 0:00:00.000336 1 1 1

---GMP---
graphs/bif/sm//asia.txt
8 8 8 0 2667 0:01:56.079910 8 8 8 0 2667 0:01:55.128627 7 7 7 0 571 0:00:05.723575 6 6 6 0 169 0:00:00.644063 5 7 5 2 9 0:00:00.054999 4 2 2 0 23 0:00:00.012131 4 3 3 0 9 0:00:00.008343 3 2 2 0 1 0:00:00.001053 2 1 1 0 0 0:00:00.000109 1 0 0 0 0 0:00:00.000011
8 8 8 0 2667 0:01:53.808468 8 8 8 0 2667 0:01:54.104976 7 9 8 1 453 0:00:04.390697 6 5 5 0 211 0:00:00.819097 5 4 3 1 41 0:00:00.064508 4 5 4 1 1 0:00:00.008286 4 4 3 1 2 0:00:00.007908 3 1 1 0 5 0:00:00.001066 2 1 1 0 0 0:00:00.000107 1 0 0 0 0 0:00:00.000012
8 8 8 0 2667 0:01:53.918049 8 8 8 0 2667 0:01:54.601528 7 7 6 1 633 0:00:06.926576 6 6 6 0 129 0:00:00.484460 5 5 5 0 27 0:00:00.059323 4 3 2 1 9 0:00:00.007777 4 3 3 0 9 0:00:00.008344 3 2 2 0 1 0:00:00.001049 2 1 0 1 0 0:00:00.000110 1 0 0 0 0 0:00:00.000012
8 8 8 0 2667 0:01:54.134911 8 8 8 0 2667 0:01:56.331202 7 7 7 0 633 0:00:07.035796 6 6 6 0 107 0:00:00.408677 5 4 3 1 53 0:00:00.078238 4 4 3 1 5 0:00:00.007749 4 3 3 0 9 0:00:00.008329 3 2 2 0 1 0:00:00.000959 2 2 1 1 0 0:00:00.000114 1 0 0 0 0 0:00:00.000012
8 8 8 0 2667 0:01:54.458772 8 8 8 0 2667 0:01:54.449268 7 7 7 0 633 0:00:06.964011 6 8 7 1 67 0:00:00.368198 5 4 3 1 41 0:00:00.064703 4 4 4 0 5 0:00:00.008424 4 2 2 0 23 0:00:00.012239 3 2 2 0 1 0:00:00.000967 2 1 1 0 0 0:00:00.000108 1 0 0 0 0 0:00:00.000012
8 8 8 0 2667 0:01:54.566813 8 8 8 0 2667 0:01:53.867792 7 7 7 0 633 0:00:06.919974 6 6 6 0 129 0:00:00.482254 5 3 3 0 109 0:00:00.179481 4 4 3 1 2 0:00:00.007670 4 4 4 0 5 0:00:00.008481 3 2 2 0 1 0:00:00.000964 2 1 1 0 0 0:00:00.000105 1 0 0 0 0 0:00:00.000011
8 8 8 0 2667 0:01:53.989882 8 8 8 0 2667 0:01:55.886666 7 9 8 1 453 0:00:04.410143 6 6 6 0 119 0:00:00.448275 5 5 5 0 17 0:00:00.055295 4 3 3 0 6 0:00:00.007560 4 4 3 1 5 0:00:00.007827 3 2 2 0 1 0:00:00.001068 2 1 1 0 0 0:00:00.000109 1 0 0 0 0 0:00:00.000012
8 8 8 0 2667 0:01:54.425462 8 8 8 0 2667 0:01:54.819041 7 9 8 1 453 0:00:04.426901 6 6 6 0 169 0:00:00.639463 5 7 5 2 23 0:00:00.062794 4 4 3 1 5 0:00:00.007591 4 3 2 1 6 0:00:00.007548 3 1 1 0 5 0:00:00.001069 2 1 1 0 0 0:00:00.000107 1 0 0 0 0 0:00:00.000011
8 8 8 0 2667 0:01:54.876106 8 8 8 0 2667 0:01:56.271876 7 6 6 0 973 0:00:14.280997 6 6 6 0 129 0:00:00.485895 5 5 5 0 27 0:00:00.059174 4 3 3 0 9 0:00:00.008291 4 3 3 0 9 0:00:00.007878 3 3 3 0 0 0:00:00.001025 2 1 1 0 0 0:00:00.000112 1 0 0 0 0 0:00:00.000012
8 8 8 0 2667 0:01:54.940485 8 8 8 0 2667 0:01:54.686575 7 6 6 0 973 0:00:14.250952 6 5 5 0 217 0:00:00.845057 5 7 6 1 9 0:00:00.056333 4 3 2 1 9 0:00:00.008323 4 4 3 1 9 0:00:00.009194 3 2 2 0 1 0:00:00.001046 2 1 0 1 0 0:00:00.000106 1 0 0 0 0 0:00:00.000012


graphs/bif/sm//cancer.txt
5 4 4 0 40 0:00:00.116054 5 4 4 0 40 0:00:00.115037 4 5 4 1 1 0:00:00.015087 4 3 3 0 6 0:00:00.013735 3 3 2 1 0 0:00:00.001882 3 2 2 0 1 0:00:00.001911 2 0 0 0 1 0:00:00.000156 2 1 1 0 0 0:00:00.000191 1 0 0 0 0 0:00:00.000023 1 0 0 0 0 0:00:00.000023
5 4 4 0 40 0:00:00.114418 5 4 4 0 40 0:00:00.068744 4 3 3 0 9 0:00:00.007486 4 5 4 1 1 0:00:00.007942 3 2 2 0 1 0:00:00.001016 3 2 2 0 1 0:00:00.001011 2 1 1 0 0 0:00:00.000104 2 1 1 0 0 0:00:00.000103 1 0 0 0 0 0:00:00.000011 1 0 0 0 0 0:00:00.000011
5 4 4 0 40 0:00:00.061393 5 4 4 0 40 0:00:00.061031 4 3 3 0 6 0:00:00.007295 4 5 4 1 1 0:00:00.007947 3 2 2 0 1 0:00:00.000932 3 2 2 0 1 0:00:00.000934 2 1 1 0 0 0:00:00.000104 2 1 1 0 0 0:00:00.000103 1 0 0 0 0 0:00:00.000011 1 0 0 0 0 0:00:00.000011
5 4 4 0 40 0:00:00.061207 5 4 4 0 40 0:00:00.060808 4 3 3 0 6 0:00:00.007262 4 3 3 0 9 0:00:00.007466 3 3 2 1 0 0:00:00.000995 3 2 2 0 1 0:00:00.000930 2 0 0 0 1 0:00:00.000085 2 1 1 0 0 0:00:00.000104 1 0 0 0 0 0:00:00.000011 1 0 0 0 0 0:00:00.000010
5 4 4 0 40 0:00:00.061121 5 4 4 0 40 0:00:00.061051 4 3 3 0 6 0:00:00.007286 4 3 3 0 9 0:00:00.007490 3 2 2 0 1 0:00:00.000930 3 2 2 0 1 0:00:00.000999 2 1 1 0 0 0:00:00.000105 2 1 1 0 0 0:00:00.000103 1 0 0 0 0 0:00:00.000012 1 0 0 0 0 0:00:00.000011
5 4 4 0 40 0:00:00.060686 5 4 4 0 40 0:00:00.060982 4 3 3 0 9 0:00:00.007518 4 3 3 0 9 0:00:00.007433 3 2 2 0 1 0:00:00.000936 3 3 2 1 0 0:00:00.000980 2 1 1 0 0 0:00:00.000103 2 1 0 1 0 0:00:00.000107 1 0 0 0 0 0:00:00.000012 1 0 0 0 0 0:00:00.000011
5 4 4 0 40 0:00:00.061601 5 4 4 0 40 0:00:00.060981 4 5 4 1 1 0:00:00.007976 4 3 3 0 9 0:00:00.007496 3 3 2 1 0 0:00:00.000994 3 2 2 0 1 0:00:00.000924 2 1 0 1 0 0:00:00.000104 2 1 1 0 0 0:00:00.000104 1 0 0 0 0 0:00:00.000012 1 0 0 0 0 0:00:00.000011
5 4 4 0 40 0:00:00.060785 5 4 4 0 40 0:00:00.060925 4 5 4 1 1 0:00:00.007938 4 5 4 1 1 0:00:00.008022 3 2 2 0 1 0:00:00.000924 3 2 2 0 1 0:00:00.000999 2 1 1 0 0 0:00:00.000107 2 0 0 0 1 0:00:00.000086 1 0 0 0 0 0:00:00.000011 1 0 0 0 0 0:00:00.000010
5 4 4 0 40 0:00:00.061020 5 4 4 0 40 0:00:00.061213 4 5 4 1 1 0:00:00.007923 4 3 3 0 9 0:00:00.007490 3 3 2 1 0 0:00:00.000981 3 2 2 0 1 0:00:00.000999 2 1 1 0 0 0:00:00.000106 2 1 1 0 0 0:00:00.000102 1 0 0 0 0 0:00:00.000011 1 0 0 0 0 0:00:00.000011
5 4 4 0 40 0:00:00.060865 5 4 4 0 40 0:00:00.061368 4 3 3 0 9 0:00:00.007495 4 5 4 1 1 0:00:00.008016 3 2 2 0 1 0:00:00.001012 3 2 2 0 1 0:00:00.001008 2 1 1 0 0 0:00:00.000101 2 1 1 0 0 0:00:00.000102 1 0 0 0 0 0:00:00.000011 1 0 0 0 0 0:00:00.000011


graphs/bif/sm//earthquake.txt
5 4 4 0 40 0:00:00.060884 5 4 4 0 40 0:00:00.060190 4 3 3 0 9 0:00:00.007351 4 3 3 0 9 0:00:00.007372 3 2 2 0 1 0:00:00.000993 3 3 2 1 0 0:00:00.000971 2 1 1 0 0 0:00:00.000102 2 1 0 1 0 0:00:00.000102 1 0 0 0 0 0:00:00.000012 1 0 0 0 0 0:00:00.000011
5 4 4 0 40 0:00:00.059827 5 4 4 0 40 0:00:00.059872 4 3 3 0 9 0:00:00.007412 4 3 3 0 9 0:00:00.007384 3 3 2 1 0 0:00:00.000970 3 3 2 1 0 0:00:00.000986 2 1 1 0 0 0:00:00.000099 2 1 1 0 0 0:00:00.000102 1 0 0 0 0 0:00:00.000011 1 0 0 0 0 0:00:00.000011
5 4 4 0 40 0:00:00.060013 5 4 4 0 40 0:00:00.060073 4 5 4 1 1 0:00:00.007879 4 3 3 0 6 0:00:00.007170 3 2 2 0 1 0:00:00.000914 3 2 2 0 1 0:00:00.001000 2 1 1 0 0 0:00:00.000101 2 1 1 0 0 0:00:00.000104 1 0 0 0 0 0:00:00.000011 1 0 0 0 0 0:00:00.000011
5 4 4 0 40 0:00:00.060542 5 4 4 0 40 0:00:00.060064 4 3 3 0 6 0:00:00.007191 4 3 3 0 9 0:00:00.007390 3 3 2 1 0 0:00:00.000975 3 3 2 1 0 0:00:00.000978 2 1 1 0 0 0:00:00.000101 2 1 1 0 0 0:00:00.000100 1 0 0 0 0 0:00:00.000012 1 0 0 0 0 0:00:00.000012
5 4 4 0 40 0:00:00.060196 5 4 4 0 40 0:00:00.059922 4 3 3 0 9 0:00:00.007331 4 3 3 0 9 0:00:00.007346 3 3 2 1 0 0:00:00.000973 3 2 2 0 1 0:00:00.000901 2 1 1 0 0 0:00:00.000100 2 1 1 0 0 0:00:00.000100 1 0 0 0 0 0:00:00.000012 1 0 0 0 0 0:00:00.000012
5 4 4 0 40 0:00:00.060568 5 4 4 0 40 0:00:00.060718 4 3 3 0 6 0:00:00.007232 4 5 4 1 1 0:00:00.007985 3 2 2 0 1 0:00:00.000928 3 2 2 0 1 0:00:00.001006 2 0 0 0 1 0:00:00.000084 2 1 1 0 0 0:00:00.000102 1 0 0 0 0 0:00:00.000012 1 0 0 0 0 0:00:00.000011
5 4 4 0 40 0:00:00.060920 5 4 4 0 40 0:00:00.060467 4 3 3 0 9 0:00:00.007399 4 3 3 0 9 0:00:00.007433 3 2 2 0 1 0:00:00.000926 3 3 2 1 0 0:00:00.000976 2 1 1 0 0 0:00:00.000103 2 1 1 0 0 0:00:00.000102 1 0 0 0 0 0:00:00.000012 1 0 0 0 0 0:00:00.000010
5 4 4 0 40 0:00:00.060601 5 4 4 0 40 0:00:00.060788 4 3 3 0 9 0:00:00.007443 4 3 3 0 9 0:00:00.007451 3 2 2 0 1 0:00:00.000931 3 3 2 1 0 0:00:00.000978 2 1 1 0 0 0:00:00.000104 2 1 0 1 0 0:00:00.000103 1 0 0 0 0 0:00:00.000012 1 0 0 0 0 0:00:00.000011
5 4 4 0 40 0:00:00.060754 5 4 4 0 40 0:00:00.060325 4 5 4 1 1 0:00:00.007958 4 3 3 0 9 0:00:00.007411 3 2 2 0 1 0:00:00.000990 3 2 2 0 1 0:00:00.000921 2 1 1 0 0 0:00:00.000102 2 1 1 0 0 0:00:00.000102 1 0 0 0 0 0:00:00.000011 1 0 0 0 0 0:00:00.000012
5 4 4 0 40 0:00:00.061050 5 4 4 0 40 0:00:00.060972 4 3 3 0 9 0:00:00.007474 4 5 4 1 1 0:00:00.007955 3 2 2 0 1 0:00:00.000927 3 2 2 0 1 0:00:00.000935 2 1 1 0 0 0:00:00.000107 2 1 1 0 0 0:00:00.000104 1 0 0 0 0 0:00:00.000011 1 0 0 0 0 0:00:00.000011


graphs/bif/sm//sachs.txt
- - - - - - - - - - - - - - - - - - - - - - - - 7 17 7 10 741 0:00:15.578031 6 9 5 4 339 0:00:01.977048 5 4 3 1 95 0:00:00.155748 4 5 2 3 19 0:00:00.020261 3 1 0 1 5 0:00:00.007069 2 2 1 1 0 0:00:00.006315
- - - - - - - - - - - - - - - - - - - - - - - - 7 8 8 0 1181 0:00:22.096442 6 9 3 6 325 0:00:02.085334 5 4 4 0 95 0:00:00.300524 4 8 5 3 0 0:00:00.014267 3 4 1 3 0 0:00:00.006687 2 1 1 0 0 0:00:00.005062
- - - - - - - - - - - - - - - - - - - - - - - - 7 9 9 0 1125 0:00:20.615744 6 12 2 10 211 0:00:01.429423 5 5 2 3 95 0:00:00.165110 4 5 2 3 19 0:00:00.020235 3 1 1 0 5 0:00:00.006947 2 0 0 0 1 0:00:00.005808
- - - - - - - - - - - - - - - - - - - - - - - - 7 17 7 10 665 0:00:14.669368 6 6 6 0 339 0:00:01.922727 5 7 4 3 65 0:00:00.127581 4 3 3 0 19 0:00:00.028625 3 3 2 1 0 0:00:00.008180 2 1 1 0 0 0:00:00.006505
- - - - - - - - - - - - - - - - - - - - - - - - 7 11 11 0 259 0:00:02.827372 6 10 10 0 39 0:00:00.527894 5 5 4 1 95 0:00:00.167069 4 6 3 3 19 0:00:00.021903 3 3 3 0 0 0:00:00.006008 2 0 0 0 1 0:00:00.005182
- - - - - - - - - - - - - - - - - - - - - - - - 7 9 9 0 877 0:00:18.231373 6 10 10 0 37 0:00:00.662016 5 5 4 1 95 0:00:00.312311 4 3 2 1 19 0:00:00.027421 3 1 1 0 5 0:00:00.007901 2 0 0 0 1 0:00:00.005667
- - - - - - - - - - - - - - - - - - - - - - - - 7 13 7 6 1055 0:00:22.191631 6 8 2 6 325 0:00:01.784900 5 5 4 1 95 0:00:00.170357 4 2 2 0 25 0:00:00.018744 3 4 3 1 0 0:00:00.006390 2 0 0 0 1 0:00:00.006939
- - - - - - - - - - - - - - - - - - - - - - - - 7 8 8 0 1281 0:00:27.064746 6 12 2 10 211 0:00:01.557777 5 5 2 3 95 0:00:00.313737 4 3 3 0 19 0:00:00.017642 3 5 2 3 0 0:00:00.008809 2 0 0 0 1 0:00:00.005101
- - - - - - - - - - - - - - - - - - - - - - - - 7 17 7 10 741 0:00:15.738714 6 8 5 3 325 0:00:01.818051 5 6 3 3 95 0:00:00.180088 4 4 1 3 19 0:00:00.030268 3 1 0 1 5 0:00:00.005817 2 2 1 1 0 0:00:00.005894
- - - - - - - - - - - - - - - - - - - - - - - - 7 12 6 6 1055 0:00:22.468768 6 12 6 6 231 0:00:02.027958 5 7 4 3 69 0:00:00.258634 4 7 1 6 0 0:00:00.021405 3 2 1 1 5 0:00:00.008062 2 1 1 0 0 0:00:00.006358


graphs/bif/sm//survey.txt
6 6 6 0 124 0:00:00.585000 6 6 6 0 124 0:00:00.446322 5 5 5 0 27 0:00:00.108540 5 5 5 0 26 0:00:00.059263 4 6 5 1 1 0:00:00.021494 3 3 2 1 0 0:00:00.006099 3 3 3 0 0 0:00:00.006918 2 1 1 0 0 0:00:00.003730 2 1 1 0 0 0:00:00.004091 1 0 0 0 0 0:00:00.004772
6 6 6 0 124 0:00:00.635923 6 6 6 0 124 0:00:00.449418 5 5 5 0 26 0:00:00.057978 5 5 5 0 26 0:00:00.108047 4 4 4 0 5 0:00:00.013421 3 2 2 0 1 0:00:00.008198 3 2 2 0 1 0:00:00.006888 2 1 1 0 0 0:00:00.005764 2 1 0 1 0 0:00:00.006436 1 0 0 0 0 0:00:00.005261
6 6 6 0 124 0:00:00.639938 6 6 6 0 124 0:00:00.606875 5 7 6 1 6 0:00:00.058883 5 5 5 0 27 0:00:00.111511 4 5 4 1 1 0:00:00.020448 3 2 2 0 1 0:00:00.006034 3 2 2 0 1 0:00:00.008374 2 1 1 0 0 0:00:00.004037 2 1 1 0 0 0:00:00.004234 1 0 0 0 0 0:00:00.004648
6 6 6 0 124 0:00:00.712559 6 6 6 0 124 0:00:00.447300 5 5 5 0 26 0:00:00.060663 5 5 5 0 27 0:00:00.060969 4 4 4 0 5 0:00:00.019855 3 2 2 0 1 0:00:00.005897 3 3 2 1 0 0:00:00.004016 2 1 1 0 0 0:00:00.004991 2 1 1 0 0 0:00:00.002723 1 0 0 0 0 0:00:00.004456
6 6 6 0 124 0:00:00.779777 6 6 6 0 124 0:00:00.452845 5 5 5 0 27 0:00:00.058206 5 7 6 1 6 0:00:00.055296 4 3 3 0 9 0:00:00.020537 3 4 3 1 0 0:00:00.006674 3 4 3 1 0 0:00:00.006763 2 1 1 0 0 0:00:00.006254 2 1 1 0 0 0:00:00.005661 1 0 0 0 0 0:00:00.002396
6 6 6 0 124 0:00:00.451528 6 6 6 0 124 0:00:00.445546 5 5 5 0 26 0:00:00.057764 5 5 5 0 26 0:00:00.058337 4 5 4 1 1 0:00:00.010646 3 2 2 0 1 0:00:00.005183 3 4 3 1 0 0:00:00.007332 2 1 1 0 0 0:00:00.004360 2 0 0 0 1 0:00:00.005406 1 0 0 0 0 0:00:00.002458
6 6 6 0 124 0:00:00.730908 6 6 6 0 124 0:00:00.445691 5 5 5 0 26 0:00:00.058208 5 5 5 0 27 0:00:00.060087 4 5 4 1 1 0:00:00.014110 3 2 2 0 1 0:00:00.004991 3 2 2 0 1 0:00:00.007186 2 1 1 0 0 0:00:00.005160 2 1 1 0 0 0:00:00.002985 1 0 0 0 0 0:00:00.005153
6 6 6 0 124 0:00:00.448288 6 6 6 0 124 0:00:00.444127 5 5 5 0 26 0:00:00.057300 5 7 6 1 6 0:00:00.056985 4 3 3 0 9 0:00:00.013392 3 2 2 0 1 0:00:00.006248 3 2 2 0 1 0:00:00.006662 2 1 1 0 0 0:00:00.004185 2 1 1 0 0 0:00:00.005029 1 0 0 0 0 0:00:00.003056
6 6 6 0 124 0:00:00.447669 6 6 6 0 124 0:00:00.444422 5 5 5 0 27 0:00:00.057568 5 7 6 1 6 0:00:00.057449 4 4 4 0 5 0:00:00.011130 3 2 2 0 1 0:00:00.004340 3 3 2 1 0 0:00:00.003462 2 1 1 0 0 0:00:00.005518 2 1 1 0 0 0:00:00.004972 1 0 0 0 0 0:00:00.004812
6 6 6 0 124 0:00:00.443608 6 6 6 0 124 0:00:00.449898 5 4 4 0 40 0:00:00.064167 5 7 6 1 6 0:00:00.055397 4 5 4 1 1 0:00:00.011579 3 2 2 0 1 0:00:00.003807 3 2 2 0 1 0:00:00.006958 2 2 1 1 0 0:00:00.004812 2 1 1 0 0 0:00:00.003073 1 0 0 0 0 0:00:00.004637
